Step Pre Solve Post Total
 1  0.00153  2.808  0.0209  2.83
 2  0.00118  3.207  0.0198  3.228
 3  0.000976  3.206  0.0201  3.227
 4  0.00111  3.238  0.0268  3.266
 5  0.00148  3.218  0.0198  3.24
 6  0.000865  3.175  0.0203  3.196
 7  0.00115  3.178  0.0201  3.199
 8  0.000864  3.186  0.0208  3.208
 9  0.000936  3.204  0.0209  3.226
 10  0.00113  3.178  0.0202  3.199
 11  0.000944  3.194  0.0199  3.215
 12  0.00109  3.2  0.0205  3.222
 13  0.00102  3.184  0.0204  3.205
 14  0.00105  3.177  0.0213  3.199
 15  0.000889  3.18  0.0197  3.201
 16  0.00117  3.186  0.0202  3.207
 17  0.00102  3.174  0.0202  3.195
 18  0.001  3.183  0.0208  3.205
 19  0.00118  3.175  0.0204  3.196
 20  0.00107  3.187  0.0204  3.209
 21  0.00101  3.186  0.0201  3.207
 22  0.000911  3.144  0.0205  3.166
 23  0.00102  3.156  0.0205  3.178
 24  0.00222  3.156  0.0201  3.178
 25  0.00124  3.178  0.0205  3.2
 26  0.000906  3.184  0.0207  3.205
 27  0.000959  3.188  0.0209  3.21
 28  0.000997  3.183  0.0203  3.204
 29  0.000849  3.179  0.0203  3.2
 30  0.00105  3.179  0.0203  3.2
 31  0.00101  3.175  0.0202  3.196
 32  0.000947  3.175  0.0206  3.197
 33  0.000999  3.178  0.0207  3.199
 34  0.00105  3.157  0.02  3.178
 35  0.00101  3.182  0.0207  3.204
 36  0.001  3.145  0.0209  3.167
 37  0.00098  3.203  0.0207  3.225
 38  0.000939  3.174  0.0219  3.196
 39  0.000981  3.176  0.0204  3.198
 40  0.00106  3.185  0.0216  3.208
 41  0.00101  3.242  0.0212  3.265
 42  0.00107  3.286  0.0203  3.307
 43  0.00106  3.325  0.0204  3.346
 44  0.000991  3.335  0.021  3.357
 45  0.000877  3.348  0.0207  3.37
 46  0.00107  3.306  0.0202  3.328
 47  0.00121  3.322  0.0206  3.344
 48  0.000987  3.305  0.0205  3.326
 49  0.000972  3.32  0.0206  3.341
 50  0.000982  3.341  0.0206  3.363
 51  0.000902  3.346  0.0206  3.367
 52  0.00103  3.374  0.0207  3.395
 53  0.00081  3.379  0.0199  3.399
 54  0.00106  3.381  0.0203  3.402
 55  0.00104  3.368  0.0207  3.389
 56  0.00109  3.387  0.0205  3.409
 57  0.000892  3.383  0.0208  3.405
 58  0.00127  3.381  0.0204  3.402
 59  0.00119  3.383  0.0204  3.405
 60  0.00271  3.41  0.0218  3.434
 61  0.000787  3.417  0.0203  3.438
 62  0.000866  3.378  0.0204  3.399
 63  0.000941  3.411  0.0204  3.432
 64  0.000919  3.42  0.0207  3.442
 65  0.000923  3.439  0.0206  3.461
 66  0.00101  3.442  0.0224  3.465
 67  0.00101  3.456  0.0207  3.477
 68  0.000893  3.438  0.0205  3.46
 69  0.000914  3.438  0.0206  3.459
 70  0.000952  3.438  0.0207  3.46
 71  0.000984  3.478  0.0206  3.5
 72  0.00101  3.418  0.0206  3.439
 73  0.000786  3.401  0.0209  3.422
 74  0.000918  3.438  0.0208  3.46
 75  0.00107  3.445  0.0201  3.466
 76  0.000866  3.437  0.0202  3.458
 77  0.000883  3.453  0.0206  3.474
 78  0.00088  3.479  0.021  3.5
 79  0.000985  3.47  0.0206  3.492
 80  0.00107  3.514  0.0203  3.535
 81  0.000896  3.5  0.0209  3.522
 82  0.00105  3.508  0.0204  3.53
 83  0.000915  3.55  0.0202  3.571
 84  0.00104  3.546  0.0203  3.567
 85  0.000972  3.544  0.0201  3.566
 86  0.000982  3.548  0.0202  3.569
 87  0.00114  3.54  0.0207  3.562
 88  0.00104  3.543  0.0203  3.564
 89  0.000955  3.571  0.0203  3.592
 90  0.00091  3.558  0.0213  3.581
 91  0.000986  3.57  0.021  3.592
 92  0.000965  3.57  0.0201  3.591
 93  0.000869  3.572  0.0203  3.593
 94  0.00105  3.571  0.021  3.593
 95  0.00081  3.561  0.0201  3.582
 96  0.000954  3.589  0.0215  3.611
 97  0.00104  3.596  0.0202  3.618
 98  0.001  3.607  0.0199  3.628
 99  0.0011  3.602  0.0202  3.623
 100  0.00102  3.63  0.0203  3.651
 101  0.000956  3.655  0.0212  3.677
 102  0.0012  3.666  0.0197  3.687
 103  0.00109  3.656  0.0207  3.678
 104  0.00112  3.692  0.0201  3.713
 105  0.000918  3.691  0.0207  3.712
 106  0.000988  3.694  0.0201  3.715
 107  0.000993  3.729  0.0209  3.751
 108  0.000932  3.734  0.0202  3.755
 109  0.000888  3.774  0.0196  3.794
 110  0.00101  3.758  0.0207  3.779
 111  0.000934  3.768  0.0203  3.789
 112  0.00102  3.756  0.0202  3.777
 113  0.000968  3.765  0.0209  3.787
 114  0.00102  3.822  0.0208  3.843
 115  0.000849  3.821  0.0199  3.842
 116  0.000882  3.849  0.0207  3.87
 117  0.000758  3.863  0.0213  3.885
 118  0.000982  3.854  0.0204  3.876
 119  0.000904  3.932  0.0198  3.952
 120  0.00105  3.962  0.02  3.983
 121  0.000969  4.054  0.0205  4.076
 122  0.000983  4.162  0.0213  4.185
 123  0.000929  4.502  0.0209  4.524
 124  0.000839  4.715  0.0207  4.736
 125  0.000888  4.84  0.0205  4.861
 126  0.00107  4.889  0.0205  4.91
 127  0.00099  4.992  0.021  5.014
 128  0.000915  5.065  0.02  5.086
 129  0.00105  5.116  0.0205  5.138
 130  0.000889  5.213  0.0209  5.235
 131  0.000917  5.283  0.0201  5.304
 132  0.000942  5.346  0.0209  5.368
 133  0.000973  5.418  0.0206  5.44
 134  0.000956  5.482  0.0206  5.504
 135  0.000945  5.561  0.0203  5.582
 136  0.00089  5.585  0.0207  5.607
 137  0.000932  5.613  0.0203  5.635
 138  0.00106  5.641  0.0207  5.663
 139  0.00115  5.654  0.0206  5.676
 140  0.000947  5.662  0.0199  5.683
 141  0.00109  5.692  0.0197  5.712
 142  0.00105  5.72  0.0201  5.741
 143  0.0009  5.668  0.0208  5.69
 144  0.000683  5.672  0.0201  5.693
 145  0.000928  5.661  0.0215  5.683
 146  0.000937  5.583  0.0209  5.604
 147  0.000904  5.567  0.0203  5.588
 148  0.00108  5.533  0.0207  5.555
 149  0.00111  5.491  0.0197  5.512
 150  0.000977  5.438  0.0201  5.459
 151  0.000877  5.396  0.0206  5.418
 152  0.000907  5.344  0.021  5.366
 153  0.000946  5.263  0.0204  5.284
 154  0.000954  5.21  0.0204  5.232
 155  0.000833  5.133  0.02  5.154
 156  0.000927  5.081  0.0206  5.102
 157  0.000838  5.007  0.0212  5.029
 158  0.000913  4.916  0.0205  4.937
 159  0.00104  4.826  0.0207  4.847
 160  0.00097  4.728  0.0207  4.75
 161  0.000927  4.668  0.0202  4.689
 162  0.00101  4.605  0.0207  4.627
 163  0.000788  4.526  0.0205  4.547
 164  0.00102  4.409  0.021  4.431
 165  0.00101  4.264  0.0207  4.286
 166  0.000852  3.719  0.0202  3.74
 167  0.000977  4.13  0.0207  4.152
 168  0.000956  4.174  0.02  4.195
 169  0.00117  4.162  0.0206  4.184
 170  0.000923  4.113  0.0206  4.134
 171  0.00106  4.128  0.0206  4.149
 172  0.000914  4.087  0.0208  4.109
 173  0.000878  4.047  0.0211  4.069
 174  0.000857  4.021  0.0204  4.042
 175  0.000926  4.001  0.0208  4.023
 176  0.000919  3.958  0.0209  3.979
 177  0.000951  3.917  0.0206  3.939
 178  0.000863  3.893  0.0202  3.914
 179  0.000884  3.861  0.0202  3.882
 180  0.00101  3.825  0.0198  3.846
 181  0.00101  3.788  0.0206  3.81
 182  0.00105  3.734  0.0199  3.755
 183  0.00109  3.69  0.0229  3.714
 184  0.00103  3.658  0.0208  3.68
 185  0.000941  3.588  0.0206  3.61
 186  0.000913  3.576  0.0207  3.598
 187  0.000936  3.515  0.0204  3.537
 188  0.00101  3.484  0.0197  3.505
 189  0.00109  3.466  0.0202  3.487
 190  0.000967  3.425  0.0208  3.447
 191  0.00097  3.423  0.0205  3.444
 192  0.000931  3.383  0.0202  3.404
 193  0.000838  3.358  0.0209  3.38
 194  0.00104  3.315  0.0204  3.336
 195  0.000897  3.287  0.0207  3.308
 196  0.000965  3.285  0.02  3.306
 197  0.000938  3.26  0.0205  3.281
 198  0.000867  3.235  0.0207  3.257
 199  0.000943  3.203  0.0206  3.225
 200  0.000905  3.183  0.0209  3.205
 201  0.00109  3.157  0.0208  3.179
 202  0.00206  3.139  0.0209  3.162
 203  0.000863  3.099  0.0204  3.12
 204  0.000889  3.107  0.02  3.128
 205  0.0011  3.111  0.0202  3.132
 206  0.000887  3.076  0.0204  3.097
 207  0.000883  3.041  0.021  3.063
 208  0.000881  3.011  0.0205  3.032
 209  0.000905  2.986  0.0203  3.007
 210  0.000823  2.987  0.0208  3.008
 211  0.000803  2.96  0.0202  2.981
 212  0.00107  2.879  0.0202  2.9
 213  0.000867  2.713  0.0206  2.734
 214  0.000857  2.694  0.0217  2.717
 215  0.000802  2.675  0.0202  2.696
 216  0.00109  2.75  0.0229  2.774
 217  0.000792  2.741  0.0203  2.762
 218  0.000943  2.712  0.0207  2.734
 219  0.00103  2.753  0.0206  2.775
 220  0.000879  2.749  0.0204  2.771
 221  0.001  2.741  0.0207  2.762
 222  0.000911  2.752  0.0204  2.773
 223  0.000912  2.747  0.0204  2.768
 224  0.0009  2.758  0.0205  2.779
 225  0.00105  2.753  0.0204  2.775
 226  0.00092  2.753  0.0201  2.774
 227  0.000977  2.75  0.0206  2.771
 228  0.000999  2.741  0.0205  2.762
 229  0.00105  2.77  0.02  2.791
 230  0.00104  2.752  0.0208  2.774
 231  0.000934  2.775  0.0201  2.796
 232  0.000886  2.781  0.0203  2.802
 233  0.00109  2.789  0.0204  2.81
 234  0.00102  2.82  0.0208  2.842
 235  0.00105  2.827  0.0202  2.848
 236  0.000885  2.816  0.0203  2.837
 237  0.00107  2.806  0.0206  2.828
 238  0.000956  2.81  0.0199  2.831
 239  0.00104  2.829  0.0206  2.85
 240  0.00112  2.846  0.0207  2.868
 241  0.00119  2.819  0.0202  2.84
 242  0.00084  2.859  0.0205  2.88
 243  0.00097  2.86  0.0203  2.881
 244  0.00097  2.809  0.0203  2.831
 245  0.000941  2.841  0.0198  2.862
 246  0.00103  2.853  0.0209  2.875
 247  0.000915  2.852  0.0198  2.873
 248  0.00109  2.806  0.02  2.827
 249  0.000823  2.851  0.0202  2.872
 250  0.00112  2.866  0.0207  2.887
 251  0.000916  2.864  0.0205  2.885
 252  0.000915  2.856  0.0205  2.878
 253  0.00102  2.851  0.0202  2.872
 254  0.000991  2.859  0.0203  2.88
 255  0.000922  2.848  0.0199  2.868
 256  0.00108  2.839  0.0217  2.861
 257  0.000957  2.84  0.0207  2.862
 258  0.000992  2.848  0.0208  2.87
 259  0.000904  2.849  0.0206  2.871
 260  0.00111  2.847  0.0201  2.868
 261  0.000932  2.842  0.0205  2.863
 262  0.000941  2.839  0.0208  2.86
 263  0.000891  2.84  0.0205  2.861
 264  0.000914  2.843  0.0203  2.864
 265  0.00102  2.84  0.0221  2.863
 266  0.000866  2.85  0.0203  2.871
 267  0.00093  2.869  0.021  2.89
 268  0.000893  2.841  0.0198  2.861
 269  0.00107  2.842  0.0208  2.864
 270  0.000969  2.839  0.0205  2.86
 271  0.00103  2.84  0.0202  2.861
 272  0.00109  2.842  0.0203  2.863
 273  0.000881  2.822  0.0196  2.843
 274  0.00113  2.772  0.02  2.793
 275  0.00113  2.773  0.0201  2.794
 276  0.000978  2.745  0.0203  2.767
 277  0.000949  2.739  0.0203  2.76
 278  0.00095  2.741  0.0203  2.762
 279  0.000936  2.773  0.0209  2.795
 280  0.000954  2.74  0.0262  2.767
 281  0.000918  2.746  0.0203  2.767
 282  0.000879  2.743  0.0207  2.764
 283  0.00088  2.752  0.0198  2.772
 284  0.00114  2.755  0.0202  2.777
 285  0.000932  2.741  0.02  2.762
 286  0.000994  2.736  0.0205  2.758
 287  0.000963  2.754  0.0207  2.775
 288  0.000964  2.744  0.0203  2.765
 289  0.000893  2.744  0.0202  2.765
 290  0.000889  2.747  0.0201  2.768
 291  0.0011  2.737  0.02  2.759
 292  0.00103  2.748  0.0205  2.77
 293  0.000997  2.762  0.0218  2.784
 294  0.00106  2.74  0.0203  2.761
 295  0.000868  2.738  0.0203  2.759
 296  0.000994  2.745  0.0202  2.766
 297  0.000918  2.741  0.0205  2.763
 298  0.000895  2.739  0.0204  2.76
 299  0.00106  2.749  0.0206  2.77
 300  0.00108  2.747  0.021  2.769
 301  0.00102  2.745  0.0201  2.766
 302  0.000982  2.75  0.0207  2.772
 303  0.000988  2.75  0.0207  2.772
 304  0.000984  2.747  0.0201  2.768
 305  0.000889  2.757  0.0202  2.778
 306  0.000935  2.761  0.0212  2.783
 307  0.000961  2.764  0.0201  2.785
 308  0.00093  2.737  0.0206  2.759
 309  0.000888  2.741  0.0203  2.762
 310  0.00093  2.738  0.0203  2.759
 311  0.001  2.739  0.0208  2.761
 312  0.000931  2.74  0.0198  2.761
 313  0.00122  2.74  0.0203  2.761
 314  0.000965  2.752  0.0199  2.773
 315  0.00102  2.747  0.0212  2.769
 316  0.00124  2.745  0.0201  2.766
 317  0.00104  2.779  0.0212  2.802
 318  0.000865  2.772  0.0215  2.795
 319  0.000986  2.776  0.02  2.797
 320  0.000905  2.813  0.0209  2.834
 321  0.00101  2.85  0.02  2.871
 322  0.00103  2.854  0.0204  2.876
 323  0.00101  2.837  0.0207  2.859
 324  0.001  2.874  0.0201  2.895
 325  0.00108  2.876  0.0212  2.898
 326  0.000844  2.903  0.0204  2.924
 327  0.00087  2.939  0.02  2.959
 328  0.000957  2.936  0.021  2.958
 329  0.000866  2.942  0.0205  2.963
 330  0.000893  2.942  0.0205  2.963
 331  0.000979  2.955  0.0199  2.975
 332  0.00102  2.987  0.0199  3.008
 333  0.00103  2.98  0.0204  3.002
 334  0.00104  2.978  0.0205  3
 335  0.000976  2.981  0.0203  3.002
 336  0.00107  3.02  0.0206  3.041
 337  0.00101  3.042  0.0198  3.063
 338  0.00102  3.043  0.021  3.065
 339  0.00108  3.044  0.0206  3.066
 340  0.000943  3.026  0.0201  3.047
 341  0.000908  3.015  0.0203  3.036
 342  0.000984  3.055  0.0204  3.076
 343  0.00114  3.045  0.0205  3.067
 344  0.000946  3.046  0.0214  3.069
 345  0.000897  3.009  0.0218  3.032
 346  0.00102  3.019  0.0206  3.04
 347  0.00585  3.04  0.0205  3.066
 348  0.000987  3.052  0.0201  3.073
 349  0.00104  3.043  0.0203  3.065
 350  0.00098  3.022  0.0202  3.043
 351  0.000896  3.086  0.0204  3.107
 352  0.00089  3.075  0.0201  3.096
 353  0.001  3.084  0.0209  3.106
 354  0.00109  3.044  0.0208  3.066
 355  0.00195  3.051  0.021  3.074
 356  0.00097  3.044  0.0199  3.065
 357  0.000961  3.046  0.021  3.068
 358  0.00104  3.068  0.0206  3.09
 359  0.000967  3.043  0.0208  3.065
 360  0.000862  3.046  0.0212  3.068
 361  0.000914  3.066  0.0201  3.087
 362  0.00104  3.039  0.0214  3.062
 363  0.000966  3.046  0.0203  3.067
 364  0.00105  3.041  0.0205  3.063
 365  0.000919  3.057  0.0209  3.079
 366  0.000793  3.055  0.021  3.077
 367  0.000887  3.051  0.0219  3.074
 368  0.00101  3.064  0.0202  3.086
 369  0.000945  3.051  0.0209  3.073
 370  0.000917  3.058  0.0203  3.079
 371  0.00103  3.054  0.0202  3.075
 372  0.000913  3.046  0.0208  3.068
 373  0.000859  3.053  0.0201  3.074
 374  0.000989  3.073  0.0212  3.095
 375  0.00116  3.042  0.0201  3.064
 376  0.00102  3.057  0.0203  3.079
 377  0.000932  3.05  0.0203  3.071
 378  0.000824  3.054  0.0205  3.075
 379  0.000837  3.049  0.0202  3.07
 380  0.00094  3.013  0.022  3.036
 381  0.0012  3.028  0.0235  3.053
 382  0.000893  3.017  0.0202  3.038
 383  0.00109  3.007  0.0204  3.029
 384  0.000912  3.012  0.0211  3.034
 385  0.000894  3.016  0.0209  3.038
 386  0.000945  3.026  0.0206  3.048
 387  0.000958  2.99  0.02  3.011
 388  0.0011  2.988  0.0207  3.009
 389  0.0013  2.982  0.0205  3.004
 390  0.000946  2.974  0.0206  2.996
 391  0.000794  2.982  0.0204  3.003
 392  0.000934  2.953  0.0207  2.974
 393  0.000967  2.958  0.0214  2.98
 394  0.00106  2.914  0.0205  2.935
 395  0.00109  2.944  0.021  2.966
 396  0.00101  2.927  0.02  2.948
 397  0.00106  2.882  0.0208  2.904
 398  0.00092  2.908  0.0207  2.93
 399  0.000912  2.895  0.0207  2.916
 400  0.000802  2.835  0.0207  2.856
 401  0.00109  2.773  0.0218  2.796
 402  0.001  2.768  0.0208  2.79
 403  0.000943  2.772  0.0216  2.795
 404  0.000892  2.774  0.0227  2.798
 405  0.00069  2.777  0.0206  2.798
 406  0.00108  2.815  0.0205  2.837
 407  0.00101  2.798  0.0198  2.819
 408  0.000963  2.774  0.0201  2.795
 409  0.000894  2.777  0.0206  2.798
 410  0.000811  2.778  0.0201  2.799
 411  0.00101  2.781  0.0204  2.802
 412  0.000954  2.807  0.0205  2.829
 413  0.00108  2.805  0.0206  2.827
 414  0.000895  2.804  0.0198  2.824
 415  0.000991  2.81  0.0209  2.832
 416  0.000895  2.803  0.0203  2.824
 417  0.000992  2.808  0.0205  2.829
 418  0.00099  2.806  0.0207  2.828
 419  0.000952  2.804  0.0207  2.826
 420  0.000928  2.806  0.0213  2.829
 421  0.000894  2.812  0.0205  2.834
 422  0.000837  2.807  0.0207  2.829
 423  0.00101  2.817  0.0207  2.838
 424  0.000967  2.806  0.0203  2.827
 425  0.00104  2.803  0.021  2.825
 426  0.00103  2.818  0.02  2.839
 427  0.000948  2.807  0.0212  2.829
 428  0.000884  2.81  0.0209  2.832
 429  0.00102  2.799  0.0205  2.821
 430  0.000931  2.805  0.0209  2.827
 431  0.000823  2.801  0.0203  2.823
 432  0.000895  2.806  0.0202  2.827
 433  0.000795  2.811  0.021  2.833
 434  0.00105  2.816  0.0201  2.837
 435  0.000874  2.808  0.0206  2.829
 436  0.000984  2.816  0.0207  2.837
 437  0.000847  2.809  0.0206  2.83
 438  0.000904  2.802  0.0227  2.826
 439  0.000973  2.802  0.0203  2.824
 440  0.000836  2.814  0.0204  2.835
 441  0.000956  2.815  0.0201  2.836
 442  0.000921  2.768  0.0197  2.789
 443  0.00122  2.789  0.0205  2.81
 444  0.000994  2.778  0.0207  2.799
 445  0.000915  2.789  0.0204  2.81
 446  0.00107  2.769  0.0206  2.79
 447  0.00102  2.775  0.0207  2.796
 448  0.000802  2.8  0.02  2.821
 449  0.000986  2.849  0.0201  2.87
 450  0.00116  2.85  0.0206  2.871
 451  0.000942  2.874  0.0198  2.895
 452  0.000948  2.874  0.0207  2.896
 453  0.000937  2.876  0.0209  2.898
 454  0.00107  2.849  0.0205  2.871
 455  0.000763  2.91  0.021  2.932
 456  0.000926  2.887  0.0205  2.909
 457  0.00103  2.841  0.0202  2.863
 458  0.000832  2.879  0.0206  2.9
 459  0.00116  2.944  0.0203  2.966
 460  0.000948  2.99  0.0206  3.012
 461  0.000924  2.972  0.0202  2.994
 462  0.000864  2.943  0.0206  2.964
 463  0.000963  2.988  0.0208  3.009
 464  0.000913  2.979  0.0208  3.001
 465  0.000912  2.95  0.0202  2.971
 466  0.000934  2.948  0.0204  2.969
 467  0.000925  2.92  0.0201  2.941
 468  0.00106  2.976  0.0201  2.997
 469  0.00125  2.979  0.0204  3.001
 470  0.00115  2.981  0.0199  3.002
 471  0.00085  2.987  0.0204  3.008
 472  0.000984  2.974  0.02  2.995
 473  0.00102  3.019  0.0206  3.041
 474  0.00096  3.005  0.0209  3.027
 475  0.00114  3.01  0.0202  3.031
 476  0.000917  2.994  0.0205  3.015
 477  0.000932  2.951  0.0205  2.972
 478  0.000987  3.013  0.0201  3.034
 479  0.000938  3.005  0.0201  3.026
 480  0.00101  2.981  0.0206  3.002
 481  0.00103  2.989  0.02  3.01
 482  0.00149  2.981  0.0203  3.003
 483  0.000986  3.048  0.0204  3.069
 484  0.000931  3.063  0.021  3.085
 485  0.000869  2.972  0.0206  2.994
 486  0.000984  2.99  0.0199  3.011
 487  0.000946  2.923  0.0203  2.944
 488  0.000902  2.979  0.0203  3
 489  0.00108  2.956  0.0204  2.977
 490  0.00106  2.952  0.0208  2.973
 491  0.00095  2.911  0.0197  2.932
 492  0.00114  2.841  0.0207  2.863
 493  0.00106  2.911  0.0208  2.933
 494  0.001  2.907  0.0207  2.928
 495  0.000886  2.888  0.02  2.909
 496  0.000868  2.815  0.0208  2.837
 497  0.000846  2.893  0.0205  2.914
 498  0.00103  2.904  0.0206  2.926
 499  0.00119  2.743  0.0197  2.764
 500  0.000983  2.737  0.0205  2.759
 501  0.000855  2.774  0.0205  2.796
 502  0.00102  2.883  0.0205  2.904
 503  0.000924  2.947  0.0212  2.969
 504  0.00107  2.97  0.0199  2.991
 505  0.00104  3.039  0.0203  3.06
 506  0.000943  3.047  0.0206  3.069
 507  0.000897  3.019  0.0207  3.04
 508  0.000966  2.975  0.0201  2.996
 509  0.00101  2.994  0.0203  3.015
 510  0.000996  2.917  0.0204  2.939
 511  0.00085  2.952  0.0203  2.973
 512  0.000911  3.024  0.02  3.045
 513  0.000983  3.022  0.0209  3.044
 514  0.00105  2.99  0.0212  3.012
 515  0.00116  2.983  0.0208  3.005
 516  0.000841  2.994  0.02  3.015
 517  0.00102  3.025  0.0201  3.046
 518  0.00101  3.021  0.0222  3.044
 519  0.000719  2.981  0.0204  3.003
 520  0.00103  2.95  0.0207  2.972
 521  0.000956  2.892  0.0203  2.913
 522  0.00089  2.952  0.021  2.974
 523  0.00105  2.952  0.0204  2.974
 524  0.00102  2.883  0.0203  2.904
 525  0.00115  2.862  0.0204  2.884
 526  0.00103  2.906  0.0203  2.927
 527  0.000996  2.884  0.0204  2.905
 528  0.000938  2.956  0.0203  2.978
 529  0.000924  2.935  0.0212  2.958
 530  0.000974  2.926  0.0203  2.948
 531  0.00107  2.854  0.0206  2.876
 532  0.001  2.864  0.0202  2.885
 533  0.00091  2.895  0.0205  2.917
 534  0.000931  2.885  0.0205  2.906
 535  0.000927  2.862  0.0211  2.884
 536  0.000988  2.922  0.0209  2.944
 537  0.000938  2.905  0.0205  2.927
 538  0.00104  2.872  0.022  2.895
 539  0.00146  2.992  0.02  3.014
 540  0.000856  2.927  0.0213  2.949
 541  0.000951  2.952  0.0208  2.973
 542  0.00097  2.986  0.0201  3.007
 543  0.000947  2.891  0.0202  2.912
 544  0.000877  3.087  0.0211  3.109
 545  0.001  3.065  0.0197  3.086
 546  0.000893  2.964  0.0204  2.985
 547  0.000997  2.98  0.02  3.001
 548  0.000988  2.975  0.0204  2.996
 549  0.000992  2.981  0.0203  3.002
 550  0.000945  2.989  0.0207  3.011
 551  0.000955  2.882  0.0225  2.905
 552  0.00103  3.001  0.0207  3.022
 553  0.00109  3.039  0.0201  3.06
 554  0.00101  2.977  0.0203  2.999
 555  0.00104  3.099  0.0216  3.121
 556  0.00139  3.086  0.0215  3.109
 557  0.000929  2.986  0.0225  3.009
 558  0.000899  3.023  0.0201  3.044
 559  0.000929  3.006  0.0201  3.027
 560  0.000999  2.991  0.0205  3.013
 561  0.00093  3.057  0.0205  3.079
 562  0.000983  2.995  0.0205  3.017
 563  0.000962  2.948  0.0202  2.969
 564  0.000949  3.054  0.0208  3.076
 565  0.00104  3.042  0.0206  3.063
 566  0.000864  2.974  0.0209  2.995
 567  0.000979  3.022  0.021  3.044
 568  0.000795  3.02  0.0198  3.04
 569  0.00107  3.018  0.0201  3.039
 570  0.00101  2.981  0.0211  3.003
 571  0.00106  3.039  0.0206  3.061
 572  0.00106  3.026  0.0205  3.047
 573  0.00105  3.063  0.0206  3.085
 574  0.000917  2.96  0.0202  2.981
 575  0.000927  3.043  0.0203  3.064
 576  0.000923  3.032  0.0202  3.053
 577  0.000934  3.061  0.0205  3.083
 578  0.000952  2.912  0.021  2.934
 579  0.000918  3.016  0.0204  3.037
 580  0.00112  3.014  0.0207  3.036
 581  0.000924  3.001  0.0206  3.023
 582  0.00101  3.09  0.0204  3.111
 583  0.00111  3.112  0.0206  3.134
 584  0.000857  3.065  0.0202  3.086
 585  0.00107  3.049  0.0204  3.071
 586  0.000945  2.982  0.0199  3.003
 587  0.00105  3.094  0.021  3.116
 588  0.000985  3.179  0.0199  3.2
 589  0.00115  3.023  0.0205  3.044
 590  0.000999  3.142  0.0201  3.163
 591  0.000985  3.056  0.0205  3.077
 592  0.000899  3.089  0.02  3.109
 593  0.000958  3.09  0.0207  3.112
 594  0.000988  3.007  0.0204  3.028
 595  0.000988  2.981  0.0203  3.002
 596  0.00109  3.148  0.021  3.17
 597  0.000883  3.138  0.0207  3.16
 598  0.00103  2.981  0.0205  3.002
 599  0.000936  2.951  0.0198  2.972
 600  0.001  2.921  0.0207  2.943
 601  0.000831  3.046  0.0208  3.068
 602  0.00105  3.104  0.0208  3.126
 603  0.00103  3.082  0.0206  3.104
 604  0.000938  3.018  0.0207  3.04
 605  0.000948  2.979  0.0202  3
 606  0.00104  2.859  0.0204  2.88
 607  0.000935  2.864  0.0203  2.885
 608  0.000997  2.78  0.0202  2.801
 609  0.00104  2.786  0.0208  2.807
 610  0.000878  2.854  0.0206  2.875
 611  0.000898  2.747  0.0213  2.769
 612  0.000896  2.914  0.0205  2.935
 613  0.000975  2.895  0.0205  2.916
 614  0.000958  2.787  0.0206  2.808
 615  0.000964  2.745  0.0216  2.767
 616  0.00105  2.863  0.0207  2.885
 617  0.000932  2.816  0.021  2.838
 618  0.000927  2.859  0.0214  2.881
 619  0.00102  2.95  0.0223  2.973
 620  0.00113  2.842  0.0205  2.864
 621  0.000868  2.947  0.0204  2.969
 622  0.000978  2.935  0.0201  2.957
 623  0.00114  2.915  0.0201  2.937
 624  0.000933  2.964  0.0207  2.986
 625  0.00106  2.891  0.0202  2.912
 626  0.000977  2.844  0.0198  2.865
 627  0.000932  2.9  0.0202  2.921
 628  0.00106  2.732  0.0203  2.754
 629  0.00109  2.824  0.0201  2.845
 630  0.00114  2.917  0.0202  2.938
 631  0.00101  2.917  0.0203  2.938
 632  0.000856  2.914  0.0201  2.935
 633  0.00106  2.921  0.0209  2.943
 634  0.00108  2.915  0.0208  2.937
 635  0.00102  2.804  0.0198  2.825
 636  0.00101  2.881  0.0205  2.902
 637  0.000966  2.947  0.0204  2.969
 638  0.001  2.912  0.0203  2.933
 639  0.00102  2.923  0.0209  2.945
 640  0.000985  2.95  0.0201  2.971
 641  0.000858  2.971  0.0201  2.992
 642  0.000978  2.926  0.0203  2.947
 643  0.0011  2.929  0.0198  2.95
 644  0.000966  2.92  0.0207  2.941
 645  0.000912  2.955  0.0207  2.977
 646  0.00106  2.969  0.0212  2.991
 647  0.00105  2.886  0.0201  2.907
 648  0.00113  2.898  0.0203  2.92
 649  0.000807  2.884  0.0205  2.905
 650  0.00104  2.912  0.02  2.933
 651  0.00085  2.969  0.02  2.99
 652  0.000972  2.972  0.0204  2.994
 653  0.000893  2.965  0.0202  2.986
 654  0.0011  2.846  0.0202  2.867
 655  0.000815  2.726  0.0205  2.748
 656  0.000962  2.854  0.0208  2.876
 657  0.000764  2.886  0.0218  2.909
 658  0.00102  2.877  0.0205  2.898
 659  0.000899  2.842  0.0208  2.863
 660  0.00101  2.787  0.0213  2.809
 661  0.000915  2.81  0.0206  2.831
 662  0.00102  2.882  0.021  2.904
 663  0.000877  2.845  0.022  2.868
 664  0.00119  2.914  0.0203  2.936
 665  0.000938  2.907  0.02  2.928
 666  0.000909  2.907  0.0219  2.929
 667  0.000949  2.887  0.0202  2.908
 668  0.00111  2.891  0.0211  2.913
 669  0.000982  2.845  0.0209  2.867
 670  0.001  2.781  0.0212  2.803
 671  0.00103  2.747  0.0199  2.768
 672  0.00092  2.811  0.0209  2.833
 673  0.000944  2.881  0.0207  2.902
 674  0.000878  2.851  0.0198  2.871
 675  0.0011  2.824  0.0201  2.845
 676  0.00117  2.857  0.0205  2.878
 677  0.00107  2.925  0.02  2.946
 678  0.000986  2.787  0.0203  2.808
 679  0.00086  2.824  0.0205  2.846
 680  0.00101  2.885  0.0201  2.906
 681  0.000912  2.886  0.0198  2.906
 682  0.00095  2.916  0.02  2.937
 683  0.001  2.901  0.022  2.924
 684  0.000981  2.923  0.0205  2.945
 685  0.000966  2.918  0.0204  2.94
 686  0.000974  2.955  0.0206  2.976
 687  0.0011  2.962  0.0215  2.984
 688  0.00103  2.907  0.0223  2.93
 689  0.00088  2.947  0.0208  2.969
 690  0.000947  2.95  0.0201  2.971
 691  0.00102  2.977  0.0206  2.999
 692  0.000918  2.965  0.0203  2.986
 693  0.00118  3.002  0.02  3.023
 694  0.000955  2.985  0.0208  3.007
 695  0.000991  2.983  0.0204  3.004
 696  0.000894  2.987  0.0221  3.01
 697  0.00104  3.018  0.0209  3.039
 698  0.000925  3.016  0.0208  3.038
 699  0.00087  3.034  0.0205  3.056
 700  0.000905  3.039  0.0208  3.061
 701  0.000913  3.021  0.0199  3.041
 702  0.000927  3.056  0.02  3.076
 703  0.00115  3.049  0.0203  3.071
 704  0.000949  3.055  0.0204  3.076
 705  0.000915  3.061  0.0213  3.084
 706  0.00108  3.053  0.0205  3.074
 707  0.000885  3.053  0.0204  3.074
 708  0.000992  3.052  0.0208  3.073
 709  0.000945  3.058  0.02  3.079
 710  0.000901  3.096  0.0202  3.117
 711  0.000937  3.097  0.022  3.119
 712  0.000983  3.086  0.0202  3.107
 713  0.000921  3.082  0.02  3.103
 714  0.000921  3.08  0.0209  3.102
 715  0.000953  3.084  0.0206  3.105
 716  0.000953  3.133  0.02  3.154
 717  0.00103  3.12  0.0208  3.141
 718  0.000896  3.081  0.0203  3.102
 719  0.000892  3.117  0.0198  3.137
 720  0.00109  3.113  0.0197  3.133
 721  0.00094  3.119  0.0208  3.141
 722  0.000957  3.112  0.02  3.133
 723  0.00101  3.123  0.0201  3.144
 724  0.00106  3.121  0.0206  3.142
 725  0.00104  3.135  0.0205  3.157
 726  0.00117  3.113  0.0207  3.135
 727  0.00104  3.109  0.0208  3.131
 728  0.00094  3.112  0.0205  3.133
 729  0.00118  3.13  0.0208  3.152
 730  0.00107  3.143  0.0206  3.165
 731  0.0009  3.149  0.0206  3.171
 732  0.000882  3.129  0.0201  3.15
 733  0.00102  3.12  0.021  3.142
 734  0.000962  3.112  0.0203  3.133
 735  0.000874  3.124  0.02  3.145
 736  0.00096  3.112  0.0208  3.134
 737  0.000982  3.152  0.0208  3.174
 738  0.00099  3.152  0.0206  3.174
 739  0.00104  3.154  0.0206  3.176
 740  0.000925  3.163  0.0208  3.185
 741  0.000956  3.161  0.0204  3.182
 742  0.00105  3.113  0.0207  3.134
 743  0.00116  3.117  0.0207  3.138
 744  0.000974  3.113  0.02  3.134
 745  0.000918  3.12  0.0206  3.142
 746  0.00102  3.119  0.0201  3.14
 747  0.000838  3.156  0.0198  3.176
 748  0.0011  3.116  0.0204  3.138
 749  0.000944  3.13  0.0203  3.151
 750  0.000987  3.119  0.0207  3.14
 751  0.000954  3.11  0.0215  3.133
 752  0.000959  3.122  0.0199  3.143
 753  0.000772  3.122  0.0208  3.144
 754  0.000798  3.11  0.02  3.131
 755  0.000992  3.127  0.0199  3.148
 756  0.000987  3.119  0.02  3.14
 757  0.00101  3.159  0.0202  3.18
 758  0.00106  3.159  0.0205  3.181
 759  0.000887  3.151  0.0203  3.172
 760  0.000996  3.177  0.021  3.199
 761  0.000938  3.216  0.0203  3.237
 762  0.001  3.247  0.0199  3.268
 763  0.000987  3.294  0.0205  3.315
 764  0.000923  3.276  0.0208  3.298
 765  0.000944  3.307  0.0208  3.329
 766  0.000811  3.276  0.0196  3.296
 767  0.00118  3.295  0.0209  3.317
 768  0.000938  3.282  0.0202  3.303
 769  0.000935  3.317  0.0212  3.339
 770  0.00111  3.318  0.02  3.339
 771  0.000841  3.32  0.0202  3.341
 772  0.000936  3.315  0.0207  3.337
 773  0.00216  3.312  0.0203  3.335
 774  0.00098  3.311  0.0203  3.332
 775  0.000949  3.307  0.0201  3.328
 776  0.00108  3.355  0.0207  3.377
 777  0.000968  3.347  0.0199  3.368
 778  0.00093  3.353  0.0208  3.375
 779  0.000879  3.34  0.0202  3.361
 780  0.000997  3.351  0.0202  3.373
 781  0.000947  3.374  0.0212  3.396
 782  0.000927  3.394  0.0202  3.415
 783  0.000924  3.374  0.0202  3.395
 784  0.00103  3.38  0.0201  3.401
 785  0.00088  3.387  0.0208  3.409
 786  0.00104  3.376  0.02  3.398
 787  0.00097  3.388  0.0217  3.41
 788  0.000902  3.372  0.0198  3.393
 789  0.0009  3.407  0.0212  3.429
 790  0.00104  3.422  0.021  3.444
 791  0.000952  3.438  0.0205  3.46
 792  0.000899  3.409  0.0205  3.43
 793  0.000846  3.457  0.021  3.478
 794  0.000792  3.407  0.0205  3.428
 795  0.000902  3.403  0.0205  3.424
 796  0.000922  3.405  0.0206  3.427
 797  0.000835  3.403  0.0203  3.424
 798  0.000936  3.414  0.0204  3.435
 799  0.000874  3.411  0.0202  3.432
 800  0.00107  3.407  0.0202  3.428
 801  0.00119  3.413  0.0212  3.436
 802  0.000932  3.452  0.0207  3.474
 803  0.00104  3.469  0.0199  3.49
 804  0.000882  3.447  0.0204  3.468
 805  0.000893  3.445  0.0208  3.467
 806  0.000883  3.475  0.0209  3.497
 807  0.00118  3.462  0.0207  3.484
 808  0.000844  3.459  0.0201  3.48
 809  0.00101  3.47  0.0211  3.492
 810  0.000759  3.507  0.0205  3.529
 811  0.000954  3.509  0.0208  3.531
 812  0.00093  3.503  0.0212  3.525
 813  0.000913  3.494  0.0207  3.516
 814  0.00089  3.492  0.0203  3.513
 815  0.00102  3.541  0.0207  3.562
 816  0.00112  3.532  0.0205  3.554
 817  0.000929  3.538  0.0203  3.559
 818  0.000835  3.529  0.0206  3.55
 819  0.000869  3.566  0.0203  3.587
 820  0.000936  3.565  0.0199  3.586
 821  0.000949  3.581  0.0201  3.602
 822  0.00101  3.561  0.0202  3.582
 823  0.00144  3.594  0.0212  3.617
 824  0.000931  3.597  0.021  3.619
 825  0.000926  3.624  0.0206  3.646
 826  0.000975  3.635  0.0201  3.656
 827  0.000859  3.631  0.021  3.653
 828  0.00108  3.632  0.0205  3.654
 829  0.00102  3.634  0.0201  3.656
 830  0.000903  3.684  0.0208  3.706
 831  0.000926  3.658  0.0202  3.679
 832  0.000948  3.657  0.0202  3.678
 833  0.000934  3.655  0.021  3.677
 834  0.001  3.724  0.0198  3.745
 835  0.000907  3.725  0.0213  3.747
 836  0.00109  3.764  0.0201  3.786
 837  0.00105  3.788  0.0203  3.81
 838  0.000921  3.782  0.0201  3.803
 839  0.00107  3.792  0.0203  3.814
 840  0.000898  3.828  0.0203  3.849
 841  0.00109  3.844  0.0201  3.865
 842  0.00102  3.87  0.0208  3.891
 843  0.000936  3.841  0.0202  3.862
 844  0.000746  3.882  0.0202  3.902
 845  0.00106  3.888  0.0212  3.91
 846  0.000952  3.914  0.0203  3.935
 847  0.00112  3.982  0.0207  4.004
 848  0.000997  4.053  0.0207  4.075
 849  0.00111  4.36  0.0202  4.381
 850  0.000864  4.647  0.0198  4.667
 851  0.00126  4.734  0.0199  4.755
 852  0.00106  4.792  0.0207  4.814
 853  0.00104  4.857  0.021  4.879
 854  0.000972  4.896  0.0197  4.917
 855  0.00103  5.004  0.0201  5.025
 856  0.000891  5.1  0.0205  5.122
 857  0.000842  5.221  0.0201  5.242
 858  0.00217  5.329  0.0204  5.352
 859  0.00117  5.375  0.0203  5.397
 860  0.00109  5.418  0.0207  5.44
 861  0.000863  5.451  0.0202  5.472
 862  0.00105  5.534  0.0205  5.555
 863  0.00102  5.553  0.0205  5.575
 864  0.00109  5.628  0.0205  5.649
 865  0.000892  5.649  0.0203  5.671
 866  0.00104  5.645  0.0203  5.667
 867  0.00108  5.696  0.0207  5.717
 868  0.000953  5.691  0.0202  5.713
 869  0.000936  5.675  0.021  5.697
 870  0.000927  5.683  0.0202  5.704
 871  0.000935  5.659  0.0205  5.681
 872  0.00105  5.646  0.0213  5.669
 873  0.000934  5.618  0.0204  5.639
 874  0.000994  5.582  0.0201  5.603
 875  0.000914  5.557  0.021  5.579
 876  0.0011  5.509  0.0205  5.53
 877  0.000845  5.454  0.0207  5.476
 878  0.000938  5.414  0.0202  5.435
 879  0.000778  5.325  0.0207  5.347
 880  0.00103  5.291  0.0209  5.313
 881  0.000922  5.227  0.0207  5.249
 882  0.000981  5.17  0.0205  5.191
 883  0.00104  5.085  0.0208  5.107
 884  0.00101  5  0.0207  5.022
 885  0.00105  4.933  0.0213  4.955
 886  0.00106  4.871  0.0207  4.893
 887  0.000958  4.779  0.0207  4.8
 888  0.000994  4.659  0.02  4.68
 889  0.00103  4.609  0.0203  4.63
 890  0.00086  4.501  0.0204  4.522
 891  0.00107  4.368  0.0207  4.389
 892  0.000982  4.245  0.0206  4.266
 893  0.000948  4.077  0.0206  4.098
 894  0.00112  4.204  0.0204  4.225
 895  0.000981  4.198  0.0204  4.22
 896  0.000898  4.169  0.0203  4.19
 897  0.00094  4.154  0.0207  4.176
 898  0.000902  4.155  0.0217  4.178
 899  0.000883  4.128  0.0201  4.149
 900  0.00102  4.102  0.0207  4.123
 901  0.000882  4.043  0.021  4.064
 902  0.000928  3.989  0.0205  4.011
 903  0.001  3.951  0.0203  3.972
 904  0.00097  3.927  0.0208  3.949
 905  0.000914  3.897  0.0202  3.918
 906  0.0011  3.85  0.0199  3.871
 907  0.00105  3.796  0.02  3.817
 908  0.00108  3.747  0.0208  3.769
 909  0.000885  3.719  0.0206  3.74
 910  0.00225  3.699  0.0208  3.722
 911  0.000949  3.655  0.02  3.676
 912  0.00104  3.624  0.0206  3.645
 913  0.000913  3.58  0.0214  3.602
 914  0.000841  3.555  0.0203  3.577
 915  0.00105  3.523  0.0201  3.544
 916  0.000857  3.497  0.0206  3.519
 917  0.000863  3.462  0.0207  3.484
 918  0.000924  3.416  0.0201  3.437
 919  0.000906  3.384  0.0208  3.406
 920  0.000922  3.324  0.0208  3.345
 921  0.00097  3.317  0.0208  3.339
 922  0.00107  3.271  0.0208  3.293
 923  0.000854  3.293  0.0206  3.314
 924  0.001  3.257  0.0206  3.279
 925  0.0021  3.202  0.0209  3.225
 926  0.000955  3.173  0.0206  3.195
 927  0.000806  3.147  0.0204  3.168
 928  0.0012  3.102  0.0205  3.124
 929  0.000864  3.071  0.0207  3.092
 930  0.00091  3.081  0.02  3.101
 931  0.00106  3.03  0.0202  3.051
 932  0.00082  3.021  0.0211  3.043
 933  0.00096  2.982  0.0205  3.004
 934  0.000933  2.844  0.0204  2.865
 935  0.000846  2.683  0.0202  2.704
 936  0.000995  2.676  0.0201  2.697
 937  0.00102  2.712  0.0201  2.733
 938  0.000892  2.711  0.0204  2.733
 939  0.000832  2.714  0.0206  2.736
 940  0.000985  2.744  0.0215  2.766
 941  0.000853  2.752  0.0199  2.773
 942  0.000935  2.753  0.0205  2.774
 943  0.00109  2.76  0.0201  2.781
 944  0.00116  2.749  0.0209  2.771
 945  0.0011  2.754  0.0205  2.775
 946  0.00085  2.758  0.0207  2.78
 947  0.00091  2.742  0.0202  2.763
 948  0.00325  2.744  0.0204  2.768
 949  0.00106  2.778  0.0207  2.799
 950  0.00103  2.764  0.0198  2.784
 951  0.00105  2.75  0.0209  2.772
 952  0.00102  2.775  0.0204  2.797
 953  0.00105  2.783  0.0202  2.804
 954  0.00102  2.778  0.0207  2.8
 955  0.00088  2.79  0.0198  2.811
 956  0.00225  2.793  0.0212  2.817
 957  0.000954  2.811  0.0217  2.834
 958  0.000806  2.821  0.0246  2.847
 959  0.00107  2.808  0.0206  2.83
 960  0.00103  2.822  0.0204  2.843
 961  0.000888  2.853  0.0203  2.875
 962  0.00108  2.861  0.0209  2.883
 963  0.000741  2.827  0.0274  2.855
 964  0.000926  2.855  0.0199  2.876
 965  0.00122  2.847  0.0206  2.869
 966  0.000951  2.849  0.0206  2.871
 967  0.000907  2.815  0.0204  2.837
 968  0.00103  2.889  0.0204  2.911
 969  0.00104  2.884  0.0203  2.905
 970  0.000958  2.885  0.0208  2.907
 971  0.00112  2.842  0.0204  2.864
 972  0.000938  2.887  0.0199  2.908
 973  0.00098  2.877  0.0205  2.898
 974  0.000945  2.884  0.0204  2.905
 975  0.000957  2.844  0.0206  2.866
 976  0.000926  2.878  0.0209  2.9
 977  0.000858  2.885  0.0205  2.906
 978  0.00107  2.876  0.02  2.897
 979  0.00101  2.892  0.0214  2.915
 980  0.000908  2.844  0.0208  2.866
 981  0.000988  2.877  0.0202  2.898
 982  0.000996  2.885  0.02  2.906
 983  0.000877  2.876  0.0198  2.897
 984  0.00116  2.88  0.0204  2.902
 985  0.000944  2.892  0.0204  2.913
 986  0.00109  2.885  0.0203  2.907
 987  0.000957  2.878  0.0205  2.9
 988  0.00267  2.882  0.02  2.904
 989  0.00111  2.878  0.02  2.899
 990  0.00118  2.875  0.0204  2.896
 991  0.000911  2.881  0.0202  2.902
 992  0.00113  2.818  0.0209  2.84
 993  0.000939  2.818  0.0202  2.839
 994  0.000749  2.74  0.0204  2.761
 995  0.000951  2.768  0.0206  2.79
 996  0.000964  2.743  0.0211  2.765
 997  0.000927  2.74  0.0203  2.762
 998  0.000906  2.743  0.0206  2.764
 999  0.00102  2.742  0.0211  2.765
 1000  0.000925  2.744  0.0199  2.765
 1001  0.000882  2.749  0.0204  2.77
 1002  0.000882  2.761  0.0201  2.782
 1003  0.000915  2.754  0.0205  2.776
 1004  0.000937  2.74  0.0201  2.761
 1005  0.000963  2.749  0.0205  2.77
 1006  0.00104  2.752  0.0209  2.774
 1007  0.000887  2.744  0.0204  2.765
 1008  0.000975  2.741  0.0257  2.768
 1009  0.000969  2.739  0.0207  2.761
 1010  0.00112  2.745  0.0201  2.766
 1011  0.000898  2.741  0.0201  2.762
 1012  0.00101  2.743  0.0204  2.765
 1013  0.000891  2.742  0.0209  2.764
 1014  0.00102  2.744  0.0207  2.766
 1015  0.00122  2.746  0.0204  2.767
 1016  0.000831  2.747  0.0205  2.768
 1017  0.000956  2.747  0.0201  2.768
 1018  0.00104  2.752  0.0203  2.773
 1019  0.000918  2.747  0.0264  2.774
 1020  0.000959  2.765  0.0203  2.787
 1021  0.000929  2.75  0.0205  2.771
 1022  0.000877  2.741  0.0206  2.763
 1023  0.000911  2.748  0.0206  2.769
 1024  0.000869  2.748  0.0209  2.77
 1025  0.000864  2.741  0.0203  2.763
 1026  0.00096  2.752  0.0206  2.773
 1027  0.000953  2.753  0.0206  2.775
 1028  0.000897  2.765  0.0209  2.787
 1029  0.000906  2.74  0.0206  2.762
 1030  0.000928  2.746  0.02  2.767
 1031  0.00103  2.742  0.0201  2.763
 1032  0.000952  2.748  0.0207  2.769
 1033  0.00101  2.742  0.0207  2.764
 1034  0.00302  2.746  0.0205  2.77
 1035  0.000861  2.742  0.0208  2.764
 1036  0.000836  2.788  0.0203  2.809
 1037  0.00096  2.777  0.0209  2.799
 1038  0.001  2.78  0.0202  2.801
 1039  0.00209  2.813  0.0206  2.836
 1040  0.000849  2.85  0.0208  2.872
 1041  0.00242  2.848  0.0202  2.871
 1042  0.000846  2.846  0.0212  2.868
 1043  0.000968  2.87  0.0206  2.892
 1044  0.000958  2.884  0.0202  2.905
 1045  0.000962  2.933  0.0211  2.955
 1046  0.00092  2.95  0.0206  2.971
 1047  0.00104  2.95  0.021  2.972
 1048  0.000878  2.916  0.0208  2.938
 1049  0.000981  2.941  0.0205  2.962
 1050  0.00102  2.977  0.0213  2.999
 1051  0.000985  2.981  0.0212  3.003
 1052  0.00106  2.988  0.0206  3.009
 1053  0.000941  2.983  0.0207  3.004
 1054  0.0011  2.989  0.0202  3.01
 1055  0.00109  2.983  0.0206  3.005
 1056  0.000954  3.054  0.0209  3.075
 1057  0.000903  3.047  0.0204  3.069
 1058  0.000967  3.02  0.0201  3.041
 1059  0.00105  3.014  0.021  3.036
 1060  0.00104  3.043  0.0206  3.065
 1061  0.000988  3.046  0.0204  3.067
 1062  0.00112  3.044  0.0201  3.065
 1063  0.00113  3.01  0.021  3.033
 1064  0.000877  3.015  0.0216  3.038
 1065  0.00087  3.064  0.0206  3.085
 1066  0.00101  3.041  0.0208  3.063
 1067  0.00109  3.039  0.021  3.061
 1068  0.000975  3.054  0.0202  3.075
 1069  0.000899  3.01  0.0205  3.032
 1070  0.0028  3.078  0.022  3.102
 1071  0.000965  3.088  0.0207  3.109
 1072  0.00104  3.048  0.0202  3.069
 1073  0.000896  3.049  0.0199  3.07
 1074  0.000895  3.014  0.0209  3.036
 1075  0.00114  3.049  0.0203  3.07
 1076  0.000985  3.042  0.0201  3.064
 1077  0.000853  3.061  0.0205  3.082
 1078  0.00102  3.045  0.0206  3.067
 1079  0.000966  3.073  0.0208  3.095
 1080  0.00107  3.058  0.0202  3.079
 1081  0.000817  3.05  0.0207  3.071
 1082  0.00227  3.043  0.0205  3.065
 1083  0.000909  3.055  0.0203  3.076
 1084  0.00108  3.068  0.02  3.089
 1085  0.00105  3.041  0.021  3.063
 1086  0.000915  3.05  0.0203  3.072
 1087  0.000889  3.049  0.0204  3.07
 1088  0.0024  3.048  0.0202  3.071
 1089  0.00104  3.059  0.0205  3.081
 1090  0.000849  3.049  0.0202  3.071
 1091  0.00103  3.043  0.0208  3.064
 1092  0.000965  3.057  0.0208  3.079
 1093  0.000997  3.046  0.0204  3.068
 1094  0.000872  3.047  0.0208  3.069
 1095  0.00086  3.057  0.0211  3.079
 1096  0.00104  3.04  0.0219  3.063
 1097  0.000986  3.043  0.0202  3.064
 1098  0.00102  3.041  0.0202  3.062
 1099  0.00114  3.01  0.0209  3.032
 1100  0.000851  3.006  0.0208  3.028
 1101  0.000832  3.017  0.0199  3.037
 1102  0.000933  3.013  0.0206  3.035
 1103  0.00086  3.019  0.0201  3.04
 1104  0.000964  3.02  0.0209  3.041
 1105  0.00112  3.015  0.0209  3.037
 1106  0.00101  3.017  0.0204  3.038
 1107  0.00091  2.982  0.0206  3.003
 1108  0.00102  3.013  0.0203  3.035
 1109  0.00117  3.012  0.02  3.034
 1110  0.00099  2.982  0.0208  3.003
 1111  0.000972  2.989  0.0201  3.01
 1112  0.000892  2.976  0.0203  2.997
 1113  0.000955  2.985  0.02  3.006
 1114  0.00107  2.946  0.0199  2.967
 1115  0.00111  2.953  0.0211  2.975
 1116  0.00116  2.917  0.0201  2.938
 1117  0.00102  2.896  0.0203  2.918
 1118  0.0011  2.885  0.0205  2.907
 1119  0.000918  2.872  0.0203  2.894
 1120  0.00104  2.827  0.0208  2.849
 1121  0.000891  2.781  0.0203  2.802
 1122  0.000907  2.772  0.021  2.794
 1123  0.000915  2.781  0.021  2.802
 1124  0.000969  2.774  0.0206  2.795
 1125  0.000889  2.801  0.0207  2.823
 1126  0.000945  2.81  0.0209  2.832
 1127  0.000977  2.801  0.0214  2.823
 1128  0.000679  2.774  0.0197  2.795
 1129  0.000963  2.773  0.0199  2.794
 1130  0.000865  2.771  0.0201  2.792
 1131  0.00108  2.804  0.0206  2.826
 1132  0.00097  2.816  0.0201  2.837
 1133  0.00102  2.802  0.0215  2.825
 1134  0.00091  2.804  0.0207  2.826
 1135  0.000999  2.804  0.0217  2.827
 1136  0.000978  2.813  0.0211  2.835
 1137  0.000941  2.8  0.0201  2.821
 1138  0.000875  2.801  0.0205  2.822
 1139  0.000912  2.808  0.0205  2.83
 1140  0.000855  2.806  0.0204  2.827
 1141  0.000925  2.803  0.0206  2.824
 1142  0.00101  2.809  0.0206  2.831
 1143  0.000849  2.805  0.0202  2.826
 1144  0.000858  2.804  0.0206  2.825
 1145  0.000955  2.801  0.0204  2.822
 1146  0.000878  2.811  0.0205  2.833
 1147  0.000955  2.812  0.0207  2.833
 1148  0.00091  2.807  0.0204  2.829
 1149  0.000977  2.804  0.0214  2.826
 1150  0.000948  2.808  0.021  2.83
 1151  0.000932  2.802  0.0205  2.823
 1152  0.00102  2.802  0.0198  2.823
 1153  0.00097  2.803  0.0207  2.825
 1154  0.000912  2.807  0.0208  2.829
 1155  0.000872  2.803  0.0199  2.824
 1156  0.0011  2.809  0.0206  2.831
 1157  0.000864  2.801  0.02  2.822
 1158  0.000976  2.827  0.0207  2.848
 1159  0.000854  2.802  0.0205  2.823
 1160  0.00104  2.814  0.0201  2.836
 1161  0.000951  2.803  0.0202  2.825
 1162  0.000849  2.821  0.0205  2.843
 1163  0.000863  2.8  0.0201  2.821
 1164  0.000985  2.81  0.0202  2.831
 1165  0.00099  2.799  0.0208  2.821
 1166  0.000947  2.798  0.0205  2.819
 1167  0.000955  2.768  0.02  2.789
 1168  0.000979  2.806  0.0204  2.827
 1169  0.000868  2.877  0.0209  2.899
 1170  0.000939  2.855  0.0204  2.876
 1171  0.000813  2.888  0.0204  2.909
 1172  0.000937  2.884  0.0203  2.905
 1173  0.000935  2.873  0.0221  2.897
 1174  0.00102  2.846  0.0208  2.868
 1175  0.000966  2.977  0.0203  2.999
 1176  0.00103  2.951  0.0202  2.972
 1177  0.00102  2.915  0.0197  2.936
 1178  0.00113  2.944  0.0209  2.966
 1179  0.000889  2.942  0.0206  2.963
 1180  0.000986  3.012  0.0206  3.033
 1181  0.000975  3.021  0.0215  3.044
 1182  0.000875  2.989  0.0212  3.011
 1183  0.0011  2.946  0.0206  2.968
 1184  0.000883  3.007  0.0204  3.028
 1185  0.000925  3.056  0.021  3.078
 1186  0.00105  3.012  0.0204  3.033
 1187  0.00116  3.017  0.0203  3.039
 1188  0.0009  2.975  0.0214  2.997
 1189  0.000862  2.989  0.0202  3.01
 1190  0.00121  3.007  0.0209  3.029
 1191  0.00074  3.011  0.0205  3.033
 1192  0.000995  3.012  0.021  3.034
 1193  0.000968  3.978  0.0221  4.001
 1194  0.00258  3.688  0.0279  3.718
 1195  0.00378  3.516  0.0349  3.555
 1196  0.00207  3.081  0.0203  3.103
 1197  0.000864  3.001  0.0205  3.022
 1198  0.00108  2.984  0.02  3.006
 1199  0.000996  3.015  0.0206  3.036
 1200  0.00104  3.018  0.0206  3.039
 1201  0.000884  3.098  0.0202  3.119
 1202  0.00105  3.097  0.0202  3.119
 1203  0.000925  3.063  0.0212  3.085
 1204  0.000898  3.035  0.0203  3.056
 1205  0.00118  3.047  0.0208  3.069
 1206  0.00101  3.106  0.0211  3.128
 1207  0.000869  3.038  0.02  3.059
 1208  0.0011  3.029  0.0205  3.05
 1209  0.00109  2.97  0.02  2.991
 1210  0.00114  2.944  0.0203  2.965
 1211  0.000854  2.97  0.0203  2.991
 1212  0.000993  2.97  0.0206  2.991
 1213  0.000885  2.97  0.02  2.991
 1214  0.00082  2.94  0.0205  2.961
 1215  0.000906  2.974  0.0205  2.996
 1216  0.00103  2.942  0.02  2.963
 1217  0.00094  2.996  0.0205  3.017
 1218  0.00109  2.967  0.0208  2.989
 1219  0.00101  2.935  0.0205  2.956
 1220  0.000965  2.934  0.0196  2.954
 1221  0.000891  2.911  0.0208  2.933
 1222  0.000999  2.868  0.0205  2.889
 1223  0.00097  2.944  0.0205  2.966
 1224  0.00104  2.971  0.02  2.992
 1225  0.000858  2.966  0.0206  2.988
 1226  0.000811  2.932  0.0205  2.954
 1227  0.000842  3.096  0.0212  3.118
 1228  0.000924  2.968  0.0205  2.989
 1229  0.00103  3.093  0.0207  3.115
 1230  0.00253  3.108  0.0198  3.13
 1231  0.000998  3.014  0.0199  3.035
 1232  0.00106  3.014  0.0204  3.035
 1233  0.000948  3.013  0.0198  3.034
 1234  0.00111  3.026  0.0209  3.048
 1235  0.00188  3.01  0.0202  3.032
 1236  0.000979  3.056  0.0203  3.078
 1237  0.000987  2.983  0.0203  3.004
 1238  0.00106  3.012  0.0204  3.033
 1239  0.00113  2.982  0.0195  3.003
 1240  0.00101  2.974  0.0211  2.996
 1241  0.00185  3.017  0.0201  3.039
 1242  0.000984  2.979  0.0214  3.001
 1243  0.000898  2.948  0.0199  2.968
 1244  0.000952  2.915  0.022  2.938
 1245  0.000902  2.948  0.0199  2.969
 1246  0.000863  2.953  0.0205  2.974
 1247  0.000927  2.949  0.02  2.97
 1248  0.00113  2.956  0.0221  2.979
 1249  0.000865  2.852  0.0202  2.873
 1250  0.00103  2.862  0.0205  2.883
 1251  0.000915  2.899  0.0204  2.92
 1252  0.000913  2.92  0.0203  2.941
 1253  0.00142  2.827  0.0209  2.85
 1254  0.00234  2.852  0.0209  2.876
 1255  0.000956  2.887  0.021  2.909
 1256  0.00125  2.831  0.0204  2.852
 1257  0.000831  2.996  0.0202  3.017
 1258  0.000999  2.916  0.0204  2.938
 1259  0.00111  2.948  0.0205  2.969
 1260  0.000905  2.901  0.0201  2.922
 1261  0.000922  2.896  0.0202  2.917
 1262  0.000966  2.928  0.0212  2.95
 1263  0.000863  2.959  0.0206  2.98
 1264  0.00281  2.918  0.0205  2.941
 1265  0.00121  3.013  0.02  3.035
 1266  0.000904  3.011  0.0208  3.032
 1267  0.000788  2.98  0.0205  3.001
 1268  0.000924  3.008  0.02  3.029
 1269  0.000871  2.915  0.0201  2.936
 1270  0.000899  2.974  0.0199  2.995
 1271  0.000974  2.971  0.0206  2.993
 1272  0.00115  3.013  0.0205  3.034
 1273  0.0011  2.914  0.0202  2.935
 1274  0.00107  2.952  0.0207  2.973
 1275  0.000907  3.042  0.0203  3.063
 1276  0.000908  3.086  0.0208  3.108
 1277  0.000982  3.065  0.0202  3.086
 1278  0.000959  3.069  0.0206  3.091
 1279  0.000945  2.907  0.02  2.928
 1280  0.000935  2.979  0.02  3
 1281  0.000989  3.034  0.0206  3.055
 1282  0.000947  3.075  0.0204  3.097
 1283  0.00102  3.083  0.0208  3.105
 1284  0.000952  3.071  0.0207  3.093
 1285  0.00102  3.017  0.0207  3.039
 1286  0.00105  3.069  0.0204  3.091
 1287  0.000777  3.097  0.0205  3.118
 1288  0.000923  3.097  0.02  3.118
 1289  0.00105  3.086  0.0199  3.106
 1290  0.00098  3.022  0.0204  3.043
 1291  0.00107  3.022  0.0203  3.044
 1292  0.000988  3.068  0.0207  3.09
 1293  0.00132  3.119  0.02  3.141
 1294  0.0011  3.106  0.0197  3.126
 1295  0.000997  3.069  0.0222  3.092
 1296  0.00102  3.042  0.0207  3.063
 1297  0.0011  2.912  0.0204  2.933
 1298  0.000879  2.98  0.0198  3
 1299  0.00115  3.073  0.0206  3.095
 1300  0.000872  3.075  0.0214  3.097
 1301  0.000895  3.068  0.02  3.089
 1302  0.000964  3.105  0.0204  3.126
 1303  0.00104  3.103  0.0207  3.125
 1304  0.000979  3.103  0.0197  3.124
 1305  0.00107  3.112  0.0208  3.134
 1306  0.000965  2.948  0.0202  2.969
 1307  0.00101  3.077  0.0198  3.098
 1308  0.00107  2.98  0.0207  3.002
 1309  0.000952  3.146  0.0205  3.167
 1310  0.000929  3.14  0.0203  3.161
 1311  0.000992  3.129  0.0203  3.15
 1312  0.000824  3.137  0.0214  3.159
 1313  0.00107  3.134  0.0205  3.155
 1314  0.000889  3.141  0.0204  3.162
 1315  0.0023  3.071  0.0205  3.094
 1316  0.000963  3.019  0.02  3.04
 1317  0.000865  2.96  0.0208  2.981
 1318  0.000909  2.995  0.0204  3.017
 1319  0.00111  3.038  0.0205  3.06
 1320  0.000907  3.102  0.0203  3.123
 1321  0.000918  3.118  0.0207  3.14
 1322  0.000978  3.104  0.0205  3.125
 1323  0.00103  3.011  0.0209  3.032
 1324  0.000889  3.04  0.0218  3.063
 1325  0.00117  2.974  0.0206  2.995
 1326  0.000979  2.919  0.0204  2.94
 1327  0.000995  2.949  0.0209  2.971
 1328  0.000865  2.991  0.02  3.012
 1329  0.000986  2.818  0.0207  2.84
 1330  0.0011  2.824  0.0202  2.846
 1331  0.000956  2.777  0.0203  2.798
 1332  0.000931  2.779  0.0205  2.8
 1333  0.00111  2.816  0.0205  2.837
 1334  0.000842  2.882  0.0209  2.904
 1335  0.000991  2.888  0.0203  2.91
 1336  0.00103  2.823  0.0201  2.844
 1337  0.00104  2.749  0.0215  2.771
 1338  0.000893  2.813  0.0207  2.834
 1339  0.000905  2.85  0.02  2.87
 1340  0.00107  2.89  0.0205  2.912
 1341  0.000991  2.873  0.0204  2.894
 1342  0.00102  2.821  0.0202  2.842
 1343  0.000989  2.777  0.0206  2.798
 1344  0.000928  2.854  0.0199  2.875
 1345  0.00104  2.779  0.0205  2.8
 1346  0.000954  2.842  0.0208  2.864
 1347  0.000839  2.743  0.0206  2.764
 1348  0.000933  2.81  0.0204  2.832
 1349  0.00108  2.842  0.0206  2.864
 1350  0.000938  2.812  0.0221  2.835
 1351  0.00101  2.845  0.0203  2.866
 1352  0.000936  2.742  0.0205  2.763
 1353  0.00105  2.852  0.0211  2.874
 1354  0.00103  2.848  0.021  2.87
 1355  0.00104  2.883  0.0206  2.905
 1356  0.000898  2.879  0.0204  2.9
 1357  0.00121  2.81  0.0257  2.837
 1358  0.00102  2.916  0.0209  2.938
 1359  0.000873  2.875  0.02  2.896
 1360  0.00119  2.848  0.0202  2.87
 1361  0.000946  2.846  0.0206  2.868
 1362  0.000817  2.912  0.0201  2.933
 1363  0.000886  2.898  0.0203  2.92
 1364  0.000868  2.878  0.0208  2.899
 1365  0.00221  2.89  0.0204  2.913
 1366  0.000944  2.879  0.0202  2.9
 1367  0.000853  2.853  0.0204  2.874
 1368  0.00101  2.713  0.0205  2.734
 1369  0.000959  2.889  0.0205  2.911
 1370  0.00101  2.876  0.021  2.898
 1371  0.000962  2.873  0.0212  2.895
 1372  0.00093  2.859  0.0212  2.882
 1373  0.00102  2.749  0.0211  2.771
 1374  0.00108  2.719  0.0201  2.74
 1375  0.00103  2.785  0.0206  2.807
 1376  0.001  2.778  0.0207  2.8
 1377  0.00101  2.819  0.02  2.84
 1378  0.000946  2.823  0.0206  2.845
 1379  0.00289  2.847  0.0205  2.87
 1380  0.00089  2.786  0.0205  2.807
 1381  0.00107  2.71  0.0205  2.731
 1382  0.000935  2.726  0.0203  2.747
 1383  0.00104  2.819  0.0207  2.841
 1384  0.000952  2.775  0.02  2.796
 1385  0.00103  2.821  0.0207  2.843
 1386  0.00094  2.818  0.02  2.839
 1387  0.00101  2.82  0.0205  2.841
 1388  0.000921  2.761  0.0209  2.782
 1389  0.00104  2.75  0.0211  2.772
 1390  0.00106  2.785  0.0201  2.806
 1391  0.000871  2.712  0.0208  2.734
 1392  0.00104  2.713  0.0198  2.734
 1393  0.001  2.749  0.0206  2.771
 1394  0.000848  2.879  0.0202  2.9
 1395  0.000928  2.882  0.0214  2.904
 1396  0.00126  2.881  0.0206  2.903
 1397  0.000917  2.88  0.0206  2.901
 1398  0.000857  2.856  0.0204  2.877
 1399  0.000957  2.876  0.0209  2.898
 1400  0.000959  2.914  0.0204  2.935
 1401  0.000953  2.874  0.0199  2.895
 1402  0.000902  2.885  0.0195  2.905
 1403  0.000976  2.875  0.021  2.897
 1404  0.000841  2.81  0.0202  2.831
 1405  0.000945  2.876  0.0209  2.897
 1406  0.000936  2.874  0.0201  2.895
 1407  0.000845  2.891  0.0201  2.912
 1408  0.000973  2.926  0.02  2.947
 1409  0.000902  2.914  0.0211  2.936
 1410  0.000961  2.916  0.021  2.938
 1411  0.000898  2.958  0.02  2.978
 1412  0.000929  2.946  0.0207  2.968
 1413  0.000903  2.921  0.0207  2.943
 1414  0.00134  2.946  0.0205  2.968
 1415  0.00112  2.953  0.0205  2.975
 1416  0.001  2.951  0.0204  2.973
 1417  0.000903  2.954  0.0203  2.975
 1418  0.00107  2.981  0.0199  3.002
 1419  0.000966  2.991  0.0199  3.012
 1420  0.00103  2.985  0.0208  3.007
 1421  0.00107  2.988  0.0199  3.009
 1422  0.000861  3.017  0.0207  3.038
 1423  0.00095  3.013  0.0203  3.035
 1424  0.001  3.02  0.0213  3.042
 1425  0.00106  3.021  0.0206  3.043
 1426  0.00101  3.01  0.021  3.032
 1427  0.00102  3.058  0.0202  3.079
 1428  0.000991  3.048  0.0201  3.069
 1429  0.00103  3.061  0.0206  3.082
 1430  0.00275  3.065  0.0202  3.088
 1431  0.00087  3.063  0.0201  3.084
 1432  0.000937  3.045  0.0204  3.067
 1433  0.0009  3.044  0.0203  3.065
 1434  0.00108  3.043  0.0205  3.064
 1435  0.0011  3.048  0.0203  3.07
 1436  0.00104  3.074  0.0201  3.095
 1437  0.00094  3.076  0.0203  3.098
 1438  0.000875  3.086  0.0205  3.107
 1439  0.000948  3.089  0.0209  3.111
 1440  0.000979  3.076  0.0204  3.097
 1441  0.00087  3.086  0.0202  3.107
 1442  0.000776  3.115  0.0203  3.136
 1443  0.00104  3.106  0.0206  3.128
 1444  0.00107  3.082  0.0204  3.103
 1445  0.000948  3.079  0.0217  3.102
 1446  0.00104  3.108  0.02  3.129
 1447  0.00108  3.147  0.0207  3.168
 1448  0.000959  3.107  0.0208  3.129
 1449  0.000845  3.144  0.0208  3.165
 1450  0.000902  3.109  0.0203  3.13
 1451  0.00107  3.116  0.0202  3.138
 1452  0.00105  3.111  0.0208  3.133
 1453  0.000974  3.115  0.0209  3.137
 1454  0.000848  3.111  0.0215  3.133
 1455  0.00127  3.113  0.02  3.134
 1456  0.0011  3.146  0.0202  3.167
 1457  0.000945  3.115  0.0205  3.137
 1458  0.0009  3.115  0.02  3.135
 1459  0.00108  3.159  0.0208  3.181
 1460  0.000947  3.11  0.021  3.132
 1461  0.000933  3.112  0.0208  3.133
 1462  0.00109  3.139  0.0223  3.163
 1463  0.000909  3.11  0.021  3.132
 1464  0.000811  3.112  0.0211  3.134
 1465  0.000961  3.111  0.0198  3.131
 1466  0.00102  3.144  0.0199  3.165
 1467  0.0011  3.11  0.0205  3.132
 1468  0.000856  3.141  0.0208  3.162
 1469  0.00109  3.14  0.0205  3.162
 1470  0.000886  3.107  0.0206  3.129
 1471  0.00098  3.143  0.0214  3.165
 1472  0.00103  3.157  0.0201  3.178
 1473  0.000947  3.108  0.0205  3.129
 1474  0.000886  3.12  0.0203  3.141
 1475  0.00107  3.111  0.02  3.132
 1476  0.000916  3.125  0.0208  3.147
 1477  0.000957  3.109  0.0204  3.13
 1478  0.00106  3.114  0.021  3.136
 1479  0.00103  3.106  0.0203  3.128
 1480  0.00106  3.114  0.0214  3.137
 1481  0.000839  3.105  0.0206  3.127
 1482  0.000847  3.118  0.0212  3.14
 1483  0.000961  3.114  0.0208  3.136
 1484  0.000883  3.115  0.0207  3.137
 1485  0.00109  3.147  0.0205  3.169
 1486  0.000957  3.137  0.0207  3.159
 1487  0.000865  3.158  0.0201  3.179
 1488  0.00107  3.147  0.0202  3.168
 1489  0.0011  3.208  0.0201  3.23
 1490  0.000992  3.235  0.02  3.256
 1491  0.00115  3.242  0.0203  3.263
 1492  0.000954  3.268  0.02  3.289
 1493  0.000949  3.286  0.0206  3.307
 1494  0.000979  3.322  0.0205  3.344
 1495  0.000959  3.276  0.02  3.296
 1496  0.00098  3.27  0.0203  3.291
 1497  0.000986  3.278  0.0207  3.299
 1498  0.000875  3.276  0.0202  3.297
 1499  0.000984  3.307  0.0209  3.329
 1500  0.000859  3.308  0.0199  3.329
 1501  0.00104  3.304  0.0199  3.325
 1502  0.00103  3.31  0.0203  3.331
 1503  0.00101  3.313  0.0207  3.335
 1504  0.000922  3.359  0.0206  3.38
 1505  0.000913  3.336  0.0205  3.357
 1506  0.00091  3.336  0.0208  3.357
 1507  0.000959  3.337  0.0199  3.358
 1508  0.00093  3.335  0.0203  3.357
 1509  0.00103  3.35  0.02  3.371
 1510  0.00105  3.391  0.0209  3.413
 1511  0.000909  3.373  0.0209  3.395
 1512  0.0011  3.371  0.0205  3.392
 1513  0.000742  3.381  0.0207  3.403
 1514  0.000881  3.373  0.0203  3.394
 1515  0.00354  3.382  0.0201  3.405
 1516  0.00119  3.393  0.0207  3.415
 1517  0.0014  3.403  0.0206  3.425
 1518  0.000886  3.402  0.0212  3.425
 1519  0.000904  3.403  0.0212  3.425
 1520  0.00111  3.41  0.0202  3.431
 1521  0.000886  3.457  0.0204  3.478
 1522  0.000849  3.402  0.0203  3.423
 1523  0.000914  3.41  0.0203  3.432
 1524  0.00107  3.421  0.0202  3.442
 1525  0.00106  3.429  0.0208  3.451
 1526  0.00101  3.41  0.021  3.432
 1527  0.000885  3.399  0.0206  3.421
 1528  0.00112  3.401  0.0219  3.424
 1529  0.000902  3.401  0.0198  3.422
 1530  0.00101  3.428  0.0201  3.449
 1531  0.00103  3.442  0.0204  3.463
 1532  0.000898  3.441  0.0201  3.462
 1533  0.00108  3.482  0.02  3.503
 1534  0.0011  3.473  0.02  3.494
 1535  0.00106  3.467  0.0202  3.489
 1536  0.00107  3.46  0.0206  3.482
 1537  0.000912  3.487  0.0206  3.509
 1538  0.00104  3.498  0.0207  3.52
 1539  0.000951  3.498  0.0208  3.52
 1540  0.000875  3.494  0.0201  3.515
 1541  0.00108  3.497  0.0205  3.519
 1542  0.000958  3.522  0.0205  3.544
 1543  0.000985  3.526  0.0205  3.547
 1544  0.000903  3.53  0.0209  3.552
 1545  0.00107  3.535  0.0243  3.56
 1546  0.00095  3.532  0.0203  3.553
 1547  0.000882  3.565  0.0201  3.585
 1548  0.000968  3.555  0.0204  3.577
 1549  0.000887  3.554  0.0203  3.575
 1550  0.00101  3.554  0.0212  3.576
 1551  0.00105  3.592  0.0204  3.614
 1552  0.00102  3.587  0.0214  3.61
 1553  0.00118  3.588  0.0197  3.609
 1554  0.000963  3.622  0.02  3.643
 1555  0.000972  3.625  0.0207  3.646
 1556  0.000907  3.62  0.0208  3.642
 1557  0.000951  3.659  0.0203  3.68
 1558  0.000941  3.653  0.0209  3.675
 1559  0.00106  3.659  0.02  3.68
 1560  0.000968  3.673  0.0205  3.695
 1561  0.000858  3.698  0.0206  3.719
 1562  0.000861  3.742  0.0212  3.764
 1563  0.00117  3.75  0.0201  3.771
 1564  0.00112  3.729  0.0203  3.75
 1565  0.000936  3.742  0.0204  3.764
 1566  0.000986  3.783  0.0207  3.804
 1567  0.000939  3.81  0.0211  3.832
 1568  0.000957  3.826  0.0211  3.848
 1569  0.00112  3.864  0.0206  3.886
 1570  0.00105  3.848  0.0212  3.87
 1571  0.00102  3.914  0.021  3.936
 1572  0.00107  3.947  0.0202  3.968
 1573  0.00082  3.981  0.02  4.002
 1574  0.000939  4.011  0.0201  4.032
 1575  0.000943  4.313  0.0206  4.335
 1576  0.000913  4.663  0.0206  4.685
 1577  0.00107  4.795  0.0207  4.817
 1578  0.000998  4.832  0.02  4.853
 1579  0.000938  4.882  0.0213  4.904
 1580  0.000825  5.029  0.0208  5.051
 1581  0.000842  5.094  0.0198  5.115
 1582  0.00115  5.134  0.0205  5.156
 1583  0.00108  5.202  0.0208  5.224
 1584  0.00093  5.268  0.0204  5.289
 1585  0.000951  5.375  0.0202  5.396
 1586  0.000911  5.444  0.0213  5.466
 1587  0.00101  5.443  0.0212  5.465
 1588  0.000966  5.51  0.0201  5.531
 1589  0.000976  5.582  0.0213  5.605
 1590  0.000949  5.569  0.0205  5.59
 1591  0.00105  5.614  0.0198  5.635
 1592  0.00115  5.632  0.0204  5.654
 1593  0.00112  5.651  0.0204  5.672
 1594  0.00112  5.71  0.0198  5.73
 1595  0.000915  5.644  0.0196  5.665
 1596  0.0011  5.641  0.0201  5.662
 1597  0.00107  5.611  0.0198  5.632
 1598  0.000934  5.61  0.0202  5.631
 1599  0.000981  5.586  0.0206  5.608
 1600  0.0024  5.545  0.0201  5.567
 1601  0.000948  5.506  0.0206  5.528
 1602  0.000994  5.478  0.0199  5.499
 1603  0.000928  5.416  0.0203  5.437
 1604  0.000884  6.118  0.0208  6.14
 1605  0.00106  5.299  0.0204  5.32
 1606  0.000913  5.257  0.021  5.279
 1607  0.000966  5.186  0.0206  5.207
 1608  0.00101  5.114  0.0211  5.137
 1609  0.00101  5.061  0.0214  5.083
 1610  0.000911  5.002  0.0205  5.023
 1611  0.000952  4.891  0.0203  4.912
 1612  0.00106  4.832  0.0207  4.854
 1613  0.000966  4.728  0.0211  4.75
 1614  0.000907  4.689  0.0203  4.71
 1615  0.000916  4.598  0.0204  4.62
 1616  0.000916  4.491  0.02  4.511
 1617  0.0011  4.333  0.0207  4.355
 1618  0.000897  4.098  0.0207  4.12
 1619  0.000912  4.167  0.0207  4.189
 1620  0.00092  4.226  0.02  4.247
 1621  0.000952  4.25  0.0201  4.271
 1622  0.00103  4.226  0.021  4.248
 1623  0.000995  4.147  0.0213  4.169
 1624  0.000915  4.116  0.0211  4.138
 1625  0.000946  4.114  0.0209  4.136
 1626  0.00101  4.052  0.0204  4.073
 1627  0.00109  4.019  0.0208  4.041
 1628  0.000931  4.003  0.0201  4.024
 1629  0.000909  3.951  0.0202  3.972
 1630  0.000952  3.908  0.0202  3.929
 1631  0.000888  3.879  0.0207  3.9
 1632  0.000915  3.813  0.0208  3.835
 1633  0.000941  3.783  0.0211  3.805
 1634  0.000905  3.755  0.02  3.776
 1635  0.00111  3.727  0.0206  3.749
 1636  0.000879  3.643  0.02  3.664
 1637  0.000939  3.622  0.0207  3.644
 1638  0.00085  3.598  0.0207  3.619
 1639  0.00115  3.581  0.0204  3.603
 1640  0.000838  3.518  0.0205  3.539
 1641  0.00114  3.485  0.0213  3.507
 1642  0.000862  3.444  0.0204  3.465
 1643  0.000889  3.425  0.0199  3.446
 1644  0.00105  3.389  0.0204  3.411
 1645  0.00105  3.353  0.0209  3.375
 1646  0.00154  3.326  0.0202  3.348
 1647  0.000866  3.271  0.02  3.292
 1648  0.00102  3.267  0.0201  3.289
 1649  0.000995  3.243  0.0202  3.264
 1650  0.000934  3.198  0.0204  3.219
 1651  0.00104  3.178  0.0201  3.199
 1652  0.00087  3.155  0.021  3.177
 1653  0.00095  3.115  0.0204  3.136
 1654  0.00102  3.079  0.0205  3.1
 1655  0.000905  3.046  0.0203  3.067
 1656  0.00106  3.059  0.022  3.082
 1657  0.000949  2.981  0.0204  3.002
 1658  0.000969  2.992  0.0202  3.014
 1659  0.00112  2.899  0.0202  2.92
 1660  0.000931  2.696  0.0211  2.718
 1661  0.000912  2.718  0.0203  2.739
 1662  0.000887  2.748  0.0207  2.77
 1663  0.000895  2.758  0.0203  2.779
 1664  0.000903  2.746  0.0201  2.767
 1665  0.000909  2.755  0.0205  2.776
 1666  0.000946  2.75  0.0202  2.771
 1667  0.00102  2.756  0.0202  2.777
 1668  0.000945  2.745  0.0212  2.767
 1669  0.000937  2.744  0.021  2.766
 1670  0.000937  2.746  0.0203  2.767
 1671  0.000856  2.749  0.0201  2.77
 1672  0.000922  2.744  0.0212  2.766
 1673  0.000881  2.759  0.0205  2.781
 1674  0.000885  2.785  0.0205  2.806
 1675  0.00107  2.764  0.0204  2.786
 1676  0.00101  2.749  0.0203  2.77
 1677  0.00093  2.775  0.0209  2.797
 1678  0.001  2.789  0.0209  2.811
 1679  0.00106  2.783  0.0209  2.805
 1680  0.00102  2.793  0.0203  2.815
 1681  0.00243  2.776  0.0204  2.798
 1682  0.000949  2.808  0.0202  2.829
 1683  0.000922  2.812  0.0211  2.834
 1684  0.00101  2.813  0.02  2.834
 1685  0.00106  2.815  0.0204  2.836
 1686  0.000937  2.847  0.0199  2.868
 1687  0.00097  2.848  0.0199  2.869
 1688  0.00105  2.811  0.0202  2.832
 1689  0.000985  2.844  0.0208  2.866
 1690  0.000953  2.855  0.0205  2.877
 1691  0.000878  2.84  0.0208  2.862
 1692  0.000909  2.811  0.0199  2.832
 1693  0.000963  2.881  0.0205  2.902
 1694  0.00111  2.846  0.0198  2.867
 1695  0.00113  2.86  0.0208  2.882
 1696  0.000926  2.811  0.02  2.832
 1697  0.000909  2.851  0.0206  2.872
 1698  0.00232  2.88  0.0208  2.903
 1699  0.00102  2.873  0.0199  2.893
 1700  0.000974  2.814  0.0202  2.835
 1701  0.000933  2.877  0.0209  2.899
 1702  0.00106  2.876  0.0202  2.897
 1703  0.000974  2.885  0.0197  2.905
 1704  0.000995  2.856  0.0198  2.877
 1705  0.000924  2.887  0.0203  2.909
 1706  0.000956  2.891  0.0202  2.912
 1707  0.000879  2.88  0.0203  2.902
 1708  0.000878  2.879  0.0207  2.9
 1709  0.00101  2.877  0.02  2.899
 1710  0.000755  2.878  0.0202  2.899
 1711  0.000976  2.89  0.0206  2.911
 1712  0.000871  2.883  0.0204  2.905
 1713  0.000882  2.884  0.0224  2.907
 1714  0.00138  2.844  0.0202  2.866
 1715  0.000873  2.881  0.0208  2.902
 1716  0.000937  2.896  0.0205  2.917
 1717  0.00106  2.842  0.0206  2.864
 1718  0.00106  2.844  0.0201  2.866
 1719  0.00115  2.769  0.0204  2.791
 1720  0.00109  2.769  0.0205  2.79
 1721  0.00102  2.741  0.0201  2.762
 1722  0.000867  2.748  0.021  2.77
 1723  0.000953  2.738  0.0203  2.759
 1724  0.00107  2.758  0.0208  2.78
 1725  0.00105  2.751  0.0203  2.772
 1726  0.00113  2.736  0.0204  2.758
 1727  0.000931  2.759  0.0204  2.781
 1728  0.0011  2.742  0.02  2.764
 1729  0.000961  2.747  0.0202  2.768
 1730  0.000798  2.744  0.0214  2.766
 1731  0.00107  2.744  0.0208  2.766
 1732  0.000843  2.737  0.0207  2.758
 1733  0.000993  2.742  0.02  2.763
 1734  0.0009  2.756  0.02  2.777
 1735  0.00113  2.749  0.0203  2.77
 1736  0.000934  2.757  0.0205  2.778
 1737  0.000984  2.741  0.0205  2.762
 1738  0.000991  2.752  0.0207  2.774
 1739  0.000917  2.736  0.0215  2.759
 1740  0.00114  2.742  0.0201  2.763
 1741  0.000883  2.742  0.0203  2.763
 1742  0.000895  2.751  0.0204  2.772
 1743  0.000933  2.749  0.0205  2.77
 1744  0.00097  2.767  0.0203  2.789
 1745  0.00107  2.742  0.0204  2.764
 1746  0.000967  2.747  0.0204  2.768
 1747  0.00104  2.74  0.0201  2.761
 1748  0.000919  2.739  0.0199  2.759
 1749  0.00104  2.754  0.0201  2.775
 1750  0.00104  2.748  0.0205  2.77
 1751  0.000922  2.758  0.0209  2.78
 1752  0.00094  2.745  0.0208  2.767
 1753  0.000985  2.739  0.02  2.76
 1754  0.000956  2.74  0.0203  2.761
 1755  0.000949  2.755  0.0206  2.776
 1756  0.000847  2.744  0.0207  2.766
 1757  0.00106  2.738  0.0205  2.759
 1758  0.000981  2.741  0.0206  2.762
 1759  0.000899  2.745  0.0212  2.767
 1760  0.000993  2.742  0.0202  2.763
 1761  0.00091  2.773  0.0208  2.795
 1762  0.00107  2.775  0.0203  2.796
 1763  0.000995  2.788  0.0202  2.809
 1764  0.000978  2.806  0.0199  2.827
 1765  0.00104  2.839  0.0204  2.861
 1766  0.000772  2.842  0.0202  2.863
 1767  0.000882  2.837  0.0206  2.858
 1768  0.000881  2.882  0.0204  2.904
 1769  0.000904  2.886  0.0204  2.908
 1770  0.000895  2.911  0.0207  2.932
 1771  0.00112  2.907  0.02  2.928
 1772  0.000952  2.907  0.02  2.928
 1773  0.000921  2.905  0.0206  2.927
 1774  0.00105  2.952  0.0201  2.973
 1775  0.00096  2.945  0.0204  2.966
 1776  0.00116  2.984  0.0205  3.006
 1777  0.000959  2.976  0.0201  2.997
 1778  0.000863  2.995  0.0236  3.019
 1779  0.000877  2.973  0.0201  2.994
 1780  0.000754  2.978  0.0199  2.999
 1781  0.000953  3.027  0.0203  3.049
 1782  0.00114  3.034  0.0199  3.055
 1783  0.00105  3.035  0.0209  3.057
 1784  0.000913  3.051  0.0204  3.072
 1785  0.00109  3.043  0.0202  3.064
 1786  0.00105  3.052  0.0203  3.073
 1787  0.000898  3.053  0.0208  3.075
 1788  0.001  3.016  0.0205  3.038
 1789  0.000922  3.032  0.0205  3.054
 1790  0.000939  3.048  0.0202  3.07
 1791  0.000918  3.039  0.0208  3.061
 1792  0.000958  3.046  0.0209  3.068
 1793  0.000902  3.051  0.0201  3.072
 1794  0.000989  3.042  0.0202  3.063
 1795  0.00088  3.012  0.0204  3.033
 1796  0.00115  3.041  0.0205  3.062
 1797  0.000944  3.015  0.0208  3.037
 1798  0.000884  3.079  0.0201  3.1
 1799  0.00109  3.056  0.0202  3.078
 1800  0.000963  3.057  0.0201  3.078
 1801  0.00107  3.052  0.0344  3.087
 1802  0.000764  3.048  0.0203  3.069
 1803  0.00119  3.04  0.0207  3.062
 1804  0.00101  3.043  0.0205  3.064
 1805  0.000932  3.05  0.0207  3.072
 1806  0.000936  3.05  0.0205  3.071
 1807  0.000927  3.046  0.0198  3.067
 1808  0.000801  3.042  0.0205  3.063
 1809  0.000904  3.053  0.0217  3.075
 1810  0.000886  3.046  0.0205  3.067
 1811  0.00108  3.038  0.0205  3.059
 1812  0.000969  3.052  0.0204  3.073
 1813  0.00102  3.038  0.0206  3.06
 1814  0.00089  3.042  0.0204  3.063
 1815  0.00223  3.047  0.0204  3.07
 1816  0.000891  3.038  0.0204  3.059
 1817  0.000953  3.047  0.0206  3.069
 1818  0.000965  3.044  0.0208  3.066
 1819  0.00083  3.034  0.0203  3.055
 1820  0.000896  3.051  0.0198  3.071
 1821  0.00102  3.045  0.0199  3.066
 1822  0.00126  3.055  0.0205  3.077
 1823  0.000974  3.052  0.0201  3.073
 1824  0.00102  3.043  0.02  3.064
 1825  0.00104  3.019  0.0204  3.041
 1826  0.000915  3.019  0.0205  3.04
 1827  0.00105  3.019  0.0204  3.04
 1828  0.000952  3.009  0.0203  3.031
 1829  0.000974  3.015  0.0207  3.037
 1830  0.000951  3.007  0.0209  3.029
 1831  0.000892  3.008  0.021  3.03
 1832  0.000871  3.011  0.0209  3.032
 1833  0.00107  3.017  0.0207  3.039
 1834  0.00101  2.981  0.0203  3.002
 1835  0.000872  2.979  0.0211  3.001
 1836  0.000965  2.974  0.0202  2.995
 1837  0.000947  2.977  0.0201  2.998
 1838  0.000844  2.983  0.02  3.004
 1839  0.00103  2.948  0.0197  2.969
 1840  0.00108  2.928  0.0204  2.949
 1841  0.00103  2.943  0.021  2.965
 1842  0.000952  2.911  0.0209  2.933
 1843  0.00113  2.905  0.0204  2.927
 1844  0.00108  2.87  0.0207  2.892
 1845  0.000946  2.87  0.0202  2.891
 1846  0.000919  2.838  0.0208  2.86
 1847  0.000897  2.769  0.0206  2.79
 1848  0.00105  2.772  0.0204  2.794
 1849  0.00106  2.769  0.0208  2.791
 1850  0.000951  2.769  0.0206  2.79
 1851  0.000959  2.769  0.0204  2.791
 1852  0.00102  2.814  0.0204  2.836
 1853  0.000863  2.799  0.0208  2.821
 1854  0.000921  2.776  0.0208  2.798
 1855  0.00104  2.802  0.02  2.823
 1856  0.000894  2.776  0.0208  2.797
 1857  0.00105  2.773  0.0206  2.794
 1858  0.00105  2.805  0.0198  2.825
 1859  0.000947  2.797  0.0208  2.819
 1860  0.000979  2.803  0.0196  2.823
 1861  0.00105  2.802  0.0205  2.823
 1862  0.000955  2.801  0.0206  2.822
 1863  0.000946  2.806  0.0209  2.828
 1864  0.000857  2.807  0.0201  2.828
 1865  0.000965  2.801  0.0208  2.823
 1866  0.000858  2.797  0.0206  2.818
 1867  0.00107  2.802  0.0205  2.823
 1868  0.00074  2.81  0.0201  2.831
 1869  0.00104  2.806  0.0207  2.827
 1870  0.00102  2.797  0.0209  2.819
 1871  0.000938  2.804  0.0206  2.826
 1872  0.00108  2.8  0.0201  2.821
 1873  0.000947  2.803  0.0203  2.825
 1874  0.000931  2.808  0.0203  2.829
 1875  0.00104  2.799  0.0206  2.821
 1876  0.00103  2.824  0.0205  2.846
 1877  0.000799  2.8  0.0202  2.821
 1878  0.00101  2.807  0.0204  2.828
 1879  0.000916  2.798  0.021  2.82
 1880  0.000816  2.8  0.0207  2.821
 1881  0.000966  2.798  0.0202  2.82
 1882  0.000984  2.81  0.0232  2.834
 1883  0.00108  2.807  0.0201  2.828
 1884  0.00115  2.812  0.0202  2.834
 1885  0.00111  2.802  0.02  2.823
 1886  0.00107  2.803  0.0212  2.825
 1887  0.000825  2.813  0.0202  2.834
 1888  0.000969  2.797  0.0203  2.819
 1889  0.00115  2.767  0.0205  2.788
 1890  0.000953  2.766  0.0201  2.787
 1891  0.000933  2.787  0.0203  2.808
 1892  0.000924  2.764  0.0202  2.785
 1893  0.000913  2.765  0.0211  2.787
 1894  0.000873  2.768  0.0205  2.79
 1895  0.000916  2.873  0.0273  2.901
 1896  0.001  2.875  0.0203  2.896
 1897  0.00102  2.875  0.0213  2.897
 1898  0.00103  2.907  0.0206  2.928
 1899  0.00104  2.842  0.0204  2.864
 1900  0.000923  2.84  0.0199  2.861
 1901  0.000813  2.904  0.0203  2.925
 1902  0.00082  2.84  0.0205  2.861
 1903  0.00102  2.873  0.0206  2.894
 1904  0.000816  2.943  0.0201  2.964
 1905  0.00103  2.974  0.0204  2.996
 1906  0.00107  2.974  0.02  2.995
 1907  0.000997  2.971  0.0207  2.993
 1908  0.000972  2.94  0.0253  2.966
 1909  0.000875  2.907  0.0207  2.928
 1910  0.000915  3.008  0.0203  3.029
 1911  0.000986  3.011  0.0205  3.033
 1912  0.000839  2.972  0.0206  2.993
 1913  0.00104  2.947  0.0208  2.969
 1914  0.000855  2.942  0.0203  2.963
 1915  0.00113  3.012  0.0208  3.034
 1916  0.000883  3.011  0.0273  3.04
 1917  0.00112  2.988  0.0208  3.01
 1918  0.000874  2.948  0.0201  2.969
 1919  0.000986  2.979  0.0204  3.001
 1920  0.00103  3.013  0.0204  3.034
 1921  0.000928  3.018  0.0201  3.039
 1922  0.00108  3.003  0.0207  3.025
 1923  0.00107  2.98  0.0203  3.002
 1924  0.00108  2.948  0.0207  2.97
 1925  0.000959  2.943  0.0202  2.964
 1926  0.000983  3.036  0.0203  3.057
 1927  0.000883  3.011  0.0207  3.032
 1928  0.00199  3  0.0202  3.022
 1929  0.000988  3.014  0.0207  3.035
 1930  0.000953  3.009  0.0201  3.03
 1931  0.00089  3.078  0.02  3.099
 1932  0.00109  3.022  0.0207  3.044
 1933  0.00112  3.007  0.0203  3.028
 1934  0.000815  2.981  0.0202  3.002
 1935  0.00106  2.931  0.0207  2.953
 1936  0.000983  2.948  0.0207  2.97
 1937  0.000927  2.973  0.021  2.995
 1938  0.000999  2.941  0.0201  2.962
 1939  0.00108  2.913  0.0209  2.935
 1940  0.00102  2.921  0.021  2.943
 1941  0.001  2.908  0.0201  2.929
 1942  0.00114  2.969  0.0205  2.991
 1943  0.00105  2.948  0.0206  2.969
 1944  0.000952  2.907  0.0204  2.928
 1945  0.000946  2.804  0.0199  2.825
 1946  0.001  2.75  0.0206  2.771
 1947  0.000959  2.808  0.0204  2.83
 1948  0.000939  2.938  0.0204  2.959
 1949  0.000978  2.898  0.0201  2.92
 1950  0.000938  2.883  0.0204  2.905
 1951  0.00101  2.866  0.0204  2.888
 1952  0.000924  2.798  0.0207  2.819
 1953  0.000931  2.901  0.0211  2.923
 1954  0.000891  3.907  0.0202  3.929
 1955  0.000974  3.115  0.0205  3.136
 1956  0.000901  3.07  0.0206  3.091
 1957  0.000943  3.049  0.0211  3.072
 1958  0.000949  3.04  0.0207  3.062
 1959  0.000894  3.002  0.0204  3.023
 1960  0.000944  3.05  0.0203  3.072
 1961  0.00112  3.037  0.0205  3.059
 1962  0.000957  3.017  0.0207  3.039
 1963  0.00101  2.977  0.0205  2.999
 1964  0.00213  2.952  0.0205  2.975
 1965  0.000985  2.981  0.0202  3.002
 1966  0.000897  3.006  0.0204  3.027
 1967  0.00104  2.99  0.0205  3.011
 1968  0.000958  2.98  0.0207  3.002
 1969  0.00109  2.909  0.0205  2.931
 1970  0.000946  2.927  0.0203  2.948
 1971  0.000893  2.985  0.0204  3.006
 1972  0.00096  2.952  0.0215  2.974
 1973  0.0011  2.95  0.0203  2.971
 1974  0.000896  2.922  0.0205  2.944
 1975  0.000888  2.856  0.0204  2.878
 1976  0.000852  2.897  0.0199  2.917
 1977  0.000855  2.919  0.0201  2.94
 1978  0.00089  2.861  0.0202  2.883
 1979  0.00109  2.842  0.0204  2.864
 1980  0.00102  2.829  0.0202  2.85
 1981  0.00076  2.854  0.0208  2.875
 1982  0.000861  2.921  0.0207  2.943
 1983  0.000954  2.862  0.0205  2.883
 1984  0.000949  2.858  0.02  2.879
 1985  0.000835  2.859  0.0205  2.881
 1986  0.000963  2.853  0.0207  2.875
 1987  0.000952  2.953  0.0204  2.975
 1988  0.00123  2.949  0.0203  2.97
 1989  0.00107  2.858  0.0199  2.879
 1990  0.000936  2.928  0.0202  2.95
 1991  0.000903  2.952  0.0202  2.973
 1992  0.00111  2.95  0.0208  2.972
 1993  0.000893  2.961  0.021  2.983
 1994  0.00111  2.893  0.021  2.915
 1995  0.000944  2.943  0.0209  2.965
 1996  0.00107  3  0.0214  3.023
 1997  0.000898  2.949  0.0203  2.97
 1998  0.00136  2.982  0.0207  3.004
 1999  0.000945  2.959  0.0203  2.98
 2000  0.00101  3.006  0.0199  3.027
 2001  0.000934  3.082  0.0207  3.104
 2002  0.000987  3.067  0.0201  3.088
 2003  0.000823  3.033  0.0209  3.055
 2004  0.000808  3.009  0.0205  3.03
 2005  0.00105  3.031  0.0202  3.053
 2006  0.000843  3.101  0.0217  3.124
 2007  0.000682  3.071  0.0201  3.092
 2008  0.00107  3.074  0.0197  3.094
 2009  0.00114  3.01  0.0204  3.031
 2010  0.00104  3.042  0.0207  3.064
 2011  0.000985  3.065  0.0211  3.087
 2012  0.0009  3.117  0.0205  3.138
 2013  0.000981  3.105  0.0204  3.127
 2014  0.000944  3.099  0.0207  3.121
 2015  0.000954  3.002  0.0205  3.024
 2016  0.00118  3.078  0.021  3.101
 2017  0.00089  3.108  0.0201  3.129
 2018  0.00123  3.103  0.0208  3.125
 2019  0.000951  3.103  0.0206  3.124
 2020  0.00102  3.102  0.0207  3.123
 2021  0.000849  3.005  0.0208  3.027
 2022  0.000945  3.084  0.0206  3.106
 2023  0.00102  3.118  0.021  3.14
 2024  0.00118  3.108  0.0204  3.13
 2025  0.000825  3.114  0.0206  3.136
 2026  0.000919  3.088  0.021  3.11
 2027  0.000882  3.046  0.0205  3.068
 2028  0.00102  3.072  0.0202  3.093
 2029  0.000866  3.112  0.0203  3.133
 2030  0.000926  3.116  0.0207  3.138
 2031  0.0009  3.101  0.0202  3.123
 2032  0.000857  3.02  0.0205  3.041
 2033  0.00105  3.077  0.0201  3.099
 2034  0.00111  3.104  0.0208  3.126
 2035  0.00111  3.105  0.0204  3.127
 2036  0.000914  3.146  0.02  3.167
 2037  0.000947  3.144  0.0204  3.166
 2038  0.000959  3.102  0.0209  3.124
 2039  0.000976  3.134  0.0204  3.155
 2040  0.00101  3.129  0.0208  3.151
 2041  0.00104  3.162  0.0211  3.184
 2042  0.00096  3.184  0.0207  3.206
 2043  0.000937  3.11  0.0204  3.132
 2044  0.000954  3.083  0.0203  3.104
 2045  0.000978  3.106  0.0204  3.128
 2046  0.000923  3.107  0.0207  3.129
 2047  0.000866  3.153  0.0202  3.174
 2048  0.000926  3.125  0.0201  3.146
 2049  0.00105  3.005  0.0205  3.027
 2050  0.000966  3.044  0.0221  3.067
 2051  0.000756  3.044  0.0203  3.065
 2052  0.00103  3.086  0.0199  3.107
 2053  0.000955  3.077  0.0208  3.099
 2054  0.00101  3.02  0.0206  3.042
 2055  0.000931  2.924  0.0209  2.946
 2056  0.00099  2.851  0.0218  2.874
 2057  0.000921  2.818  0.0199  2.839
 2058  0.000969  2.869  0.021  2.891
 2059  0.00101  2.847  0.021  2.869
 2060  0.00102  2.82  0.0209  2.842
 2061  0.00078  2.785  0.0207  2.807
 2062  0.00099  2.715  0.0208  2.736
 2063  0.0011  2.815  0.0203  2.836
 2064  0.00111  2.845  0.0204  2.866
 2065  0.000991  2.885  0.0198  2.906
 2066  0.00231  2.845  0.0206  2.868
 2067  0.00098  2.728  0.0207  2.75
 2068  0.000989  2.744  0.021  2.766
 2069  0.00097  2.852  0.0207  2.874
 2070  0.00101  2.94  0.0211  2.963
 2071  0.000997  2.944  0.0206  2.965
 2072  0.00101  2.881  0.02  2.902
 2073  0.00105  2.878  0.0201  2.899
 2074  0.001  2.885  0.0209  2.907
 2075  0.000849  2.91  0.0209  2.931
 2076  0.00108  2.908  0.0203  2.93
 2077  0.000888  2.887  0.0202  2.908
 2078  0.00122  2.853  0.0206  2.875
 2079  0.00139  2.926  0.0203  2.948
 2080  0.001  2.912  0.0199  2.933
 2081  0.000941  2.906  0.02  2.927
 2082  0.00113  2.942  0.0203  2.963
 2083  0.000886  2.945  0.0206  2.966
 2084  0.000872  2.893  0.021  2.915
 2085  0.000863  2.956  0.0206  2.977
 2086  0.00108  2.947  0.0204  2.969
 2087  0.00114  2.98  0.0203  3.002
 2088  0.000904  2.949  0.02  2.97
 2089  0.00114  2.947  0.0201  2.968
 2090  0.000864  2.885  0.0202  2.906
 2091  0.0011  2.951  0.0203  2.973
 2092  0.00101  2.946  0.0203  2.967
 2093  0.00072  2.975  0.0203  2.996
 2094  0.00108  2.98  0.0203  3.001
 2095  0.000815  2.907  0.0197  2.927
 2096  0.00108  2.927  0.0206  2.949
 2097  0.000976  2.943  0.0198  2.964
 2098  0.00101  2.951  0.0207  2.972
 2099  0.000923  2.917  0.0205  2.938
 2100  0.00103  2.915  0.0204  2.936
 2101  0.00213  2.856  0.0202  2.879
 2102  0.000999  2.879  0.0205  2.9
 2103  0.00107  2.906  0.021  2.928
 2104  0.000929  2.888  0.0202  2.91
 2105  0.000996  2.883  0.0203  2.905
 2106  0.0011  2.892  0.0203  2.913
 2107  0.000947  2.748  0.0198  2.769
 2108  0.000909  2.842  0.0203  2.863
 2109  0.000746  2.888  0.0208  2.91
 2110  0.00104  2.876  0.0218  2.899
 2111  0.00105  2.88  0.0202  2.901
 2112  0.00116  2.859  0.0212  2.882
 2113  0.00135  2.852  0.0206  2.873
 2114  0.00109  2.877  0.0211  2.9
 2115  0.00114  2.91  0.0206  2.931
 2116  0.000972  2.91  0.0204  2.931
 2117  0.00112  2.926  0.0205  2.948
 2118  0.000909  2.874  0.0208  2.895
 2119  0.000937  2.893  0.0217  2.916
 2120  0.000787  2.875  0.0205  2.896
 2121  0.00105  2.916  0.0205  2.938
 2122  0.00099  2.879  0.0204  2.901
 2123  0.00105  2.844  0.0198  2.864
 2124  0.000966  2.878  0.0202  2.899
 2125  0.00099  2.891  0.021  2.913
 2126  0.000938  2.916  0.0208  2.938
 2127  0.000784  2.892  0.0209  2.913
 2128  0.00095  2.881  0.0205  2.902
 2129  0.000865  2.909  0.02  2.93
 2130  0.000936  2.928  0.0203  2.949
 2131  0.000987  2.882  0.0201  2.903
 2132  0.00106  2.858  0.0208  2.88
 2133  0.00107  2.812  0.0202  2.833
 2134  0.00107  2.879  0.0215  2.901
 2135  0.000944  2.91  0.0206  2.932
 2136  0.000971  2.911  0.0206  2.932
 2137  0.00219  2.876  0.0206  2.899
 2138  0.00101  2.916  0.02  2.937
 2139  0.00099  2.919  0.0203  2.94
 2140  0.000962  2.921  0.0206  2.943
 2141  0.000814  2.948  0.0211  2.97
 2142  0.000892  2.947  0.0206  2.969
 2143  0.000703  2.916  0.0207  2.937
 2144  0.00112  2.94  0.0204  2.962
 2145  0.000881  2.946  0.0205  2.967
 2146  0.000885  2.957  0.0209  2.979
 2147  0.00101  2.953  0.0202  2.975
 2148  0.00096  2.983  0.0201  3.004
 2149  0.000949  2.991  0.0207  3.013
 2150  0.00107  2.988  0.0204  3.009
 2151  0.0012  2.98  0.02  3.002
 2152  0.000945  3.021  0.0204  3.042
 2153  0.000997  3.014  0.0204  3.035
 2154  0.00101  3.015  0.0204  3.037
 2155  0.00101  3.016  0.0216  3.038
 2156  0.000929  3.013  0.0208  3.035
 2157  0.00106  3.047  0.0206  3.069
 2158  0.00109  3.057  0.0204  3.079
 2159  0.000863  3.048  0.02  3.069
 2160  0.00107  3.054  0.0203  3.075
 2161  0.000982  3.048  0.0204  3.069
 2162  0.000892  3.056  0.02  3.077
 2163  0.0012  3.052  0.0202  3.074
 2164  0.000914  3.058  0.0229  3.082
 2165  0.000655  3.093  0.0201  3.114
 2166  0.001  3.083  0.0208  3.105
 2167  0.00105  3.09  0.0201  3.111
 2168  0.000938  3.08  0.0202  3.101
 2169  0.000914  3.08  0.0201  3.101
 2170  0.00107  3.083  0.0199  3.104
 2171  0.00106  3.112  0.0201  3.133
 2172  0.000896  3.107  0.0196  3.128
 2173  0.000887  3.114  0.0204  3.136
 2174  0.000895  3.085  0.0203  3.106
 2175  0.00106  3.114  0.0204  3.136
 2176  0.000912  3.107  0.0202  3.128
 2177  0.000922  3.139  0.021  3.161
 2178  0.000909  3.142  0.0208  3.164
 2179  0.00104  3.147  0.0204  3.169
 2180  0.00103  3.12  0.02  3.141
 2181  0.00109  3.119  0.0205  3.14
 2182  0.000907  3.109  0.0202  3.13
 2183  0.00121  3.113  0.0206  3.135
 2184  0.00103  3.128  0.0212  3.15
 2185  0.000893  3.115  0.0212  3.137
 2186  0.00107  3.108  0.0201  3.129
 2187  0.000999  3.125  0.0201  3.146
 2188  0.0009  3.108  0.0204  3.129
 2189  0.000929  3.111  0.0208  3.133
 2190  0.000864  3.109  0.0205  3.13
 2191  0.000981  3.148  0.0204  3.169
 2192  0.000917  3.15  0.0209  3.172
 2193  0.000916  3.124  0.0204  3.145
 2194  0.000915  3.144  0.0202  3.165
 2195  0.00104  3.151  0.0219  3.174
 2196  0.000916  3.14  0.0203  3.161
 2197  0.00104  3.142  0.0201  3.163
 2198  0.000999  3.151  0.0199  3.172
 2199  0.000947  3.118  0.0202  3.139
 2200  0.000861  3.142  0.0195  3.163
 2201  0.00116  3.109  0.0203  3.13
 2202  0.0011  3.152  0.0215  3.175
 2203  0.00103  3.107  0.0206  3.128
 2204  0.00093  3.109  0.0204  3.131
 2205  0.000972  3.103  0.0209  3.125
 2206  0.00112  3.116  0.0211  3.139
 2207  0.000987  3.123  0.0195  3.143
 2208  0.000983  3.109  0.0207  3.131
 2209  0.000916  3.124  0.0204  3.146
 2210  0.000906  3.106  0.0202  3.127
 2211  0.00103  3.123  0.0204  3.144
 2212  0.000955  3.117  0.0208  3.139
 2213  0.000961  3.106  0.0208  3.128
 2214  0.00102  3.15  0.0203  3.171
 2215  0.000857  3.15  0.0205  3.171
 2216  0.000994  3.152  0.0211  3.174
 2217  0.000929  3.137  0.0207  3.159
 2218  0.00109  3.149  0.0206  3.171
 2219  0.001  3.223  0.021  3.245
 2220  0.0011  3.238  0.02  3.259
 2221  0.00107  3.27  0.0209  3.292
 2222  0.000915  3.279  0.0201  3.3
 2223  0.000906  3.273  0.0208  3.295
 2224  0.00106  3.307  0.0217  3.329
 2225  0.00103  3.274  0.0209  3.296
 2226  0.00121  3.275  0.0202  3.296
 2227  0.000951  3.278  0.0203  3.3
 2228  0.000886  3.292  0.0209  3.314
 2229  0.00102  3.314  0.0201  3.335
 2230  0.00246  3.314  0.0203  3.337
 2231  0.00107  3.314  0.0206  3.336
 2232  0.00118  3.348  0.0204  3.369
 2233  0.0011  3.337  0.0201  3.358
 2234  0.000941  3.339  0.0209  3.361
 2235  0.00103  3.335  0.0202  3.357
 2236  0.000929  3.34  0.02  3.36
 2237  0.00116  3.339  0.0201  3.36
 2238  0.00101  3.344  0.0205  3.366
 2239  0.000783  3.34  0.0207  3.362
